0 0.119497 0.372572 0.021185 0.031783
0 0.159881 0.371395 0.021847 0.037669
0 0.163853 0.406710 0.022509 0.041201
0 0.200099 0.395232 0.020854 0.033549
0 0.229063 0.374044 0.020523 0.033549
0 0.230718 0.400235 0.018537 0.038846
0 0.264316 0.403473 0.021516 0.033549
0 0.285501 0.397587 0.019530 0.037081
0 0.307018 0.374926 0.020854 0.041201
0 0.307680 0.408476 0.021516 0.031783
0 0.330520 0.399647 0.019530 0.031783
0 0.342271 0.407887 0.021185 0.034138
0 0.371566 0.414656 0.019530 0.037081
0 0.388448 0.422896 0.017544 0.032372
0 0.404998 0.429665 0.022840 0.041201
0 0.427673 0.425250 0.020523 0.037081
0 0.451175 0.420247 0.021185 0.034138
0 0.471533 0.422896 0.023502 0.032372
0 0.500000 0.453502 0.016882 0.038258
0 0.515723 0.437022 0.019861 0.032372
0 0.532274 0.462625 0.021185 0.042378
0 0.553790 0.473808 0.019199 0.041201
0 0.577623 0.473808 0.023833 0.042378
0 0.604436 0.457916 0.025819 0.038846
0 0.628269 0.454385 0.021847 0.040024
0 0.654419 0.443790 0.020523 0.040024
0 0.659219 0.482048 0.023502 0.038846
0 0.677590 0.432313 0.025157 0.042966
0 0.681728 0.484403 0.022178 0.043555
0 0.708375 0.471160 0.025157 0.038258
0 0.729891 0.487640 0.022509 0.037081
0 0.756538 0.497057 0.022178 0.044144
0 0.779543 0.476162 0.023171 0.037669
0 0.806852 0.478517 0.024826 0.036492
0 0.834161 0.505003 0.023171 0.037669
0 0.854518 0.506180 0.022178 0.034138
0 0.876034 0.521778 0.023502 0.031195
0 0.899040 0.500294 0.025157 0.040024
0 0.923204 0.530312 0.020523 0.040024
0 0.940417 0.531783 0.019199 0.040612
