0 0.048692 0.471454 0.025836 0.036492
0 0.094237 0.464685 0.021530 0.044144
0 0.122392 0.502649 0.024180 0.042378
0 0.152203 0.484108 0.024843 0.034726
0 0.178702 0.463802 0.023518 0.036492
0 0.190957 0.485580 0.019543 0.040024
0 0.221597 0.491171 0.023186 0.034726
0 0.245611 0.479400 0.022193 0.039435
0 0.268466 0.489994 0.022193 0.033549
0 0.267970 0.454091 0.023849 0.037081
0 0.290659 0.479694 0.020205 0.032961
0 0.311361 0.488228 0.023186 0.035903
0 0.335210 0.490288 0.017224 0.037669
0 0.353097 0.498529 0.021862 0.030606
0 0.378437 0.503237 0.021530 0.040024
0 0.397814 0.496469 0.020537 0.039435
0 0.419013 0.486757 0.020537 0.035315
0 0.442199 0.489111 0.021862 0.037669
0 0.464889 0.516775 0.016893 0.036492
0 0.483935 0.499117 0.020537 0.032961
0 0.519377 0.524132 0.019212 0.039435
0 0.536270 0.533255 0.016562 0.038846
0 0.561444 0.531195 0.021199 0.040612
0 0.592580 0.514126 0.021862 0.035903
0 0.605995 0.505592 0.015568 0.036492
0 0.633157 0.493820 0.018218 0.040024
0 0.635475 0.529723 0.021530 0.035315
0 0.646737 0.479988 0.018218 0.041789
0 0.655515 0.530312 0.017887 0.037669
0 0.679861 0.513537 0.020205 0.032372
0 0.694766 0.529135 0.020868 0.034138
0 0.716628 0.533843 0.019543 0.038846
0 0.737165 0.511183 0.018880 0.033549
0 0.761842 0.512066 0.021862 0.034138
0 0.786519 0.533255 0.019543 0.034138
0 0.801756 0.531489 0.018218 0.031783
0 0.818152 0.543261 0.019874 0.028252
0 0.838688 0.522072 0.019874 0.035315
0 0.858894 0.547675 0.017887 0.035903
