0 0.044882 0.529152 0.028155 0.037102
0 0.091918 0.521201 0.023518 0.043581
0 0.123882 0.561837 0.025174 0.043581
0 0.152534 0.539164 0.024843 0.033569
0 0.178536 0.516784 0.024511 0.039458
0 0.193110 0.540931 0.021199 0.041814
0 0.222590 0.545936 0.023849 0.032980
0 0.247102 0.532980 0.022524 0.041225
0 0.270123 0.542697 0.024180 0.035925
0 0.269791 0.507656 0.024180 0.038869
0 0.291984 0.532980 0.022193 0.032980
0 0.313846 0.541519 0.023518 0.034747
0 0.337529 0.543875 0.017887 0.035925
0 0.356078 0.549470 0.021862 0.034158
0 0.382246 0.555654 0.020537 0.040636
0 0.401126 0.548292 0.021862 0.036514
0 0.422325 0.538575 0.020537 0.034747
0 0.446505 0.540047 0.021199 0.035336
0 0.467539 0.565960 0.017555 0.037691
0 0.487579 0.549470 0.021199 0.034158
0 0.526499 0.574499 0.018218 0.040636
0 0.544551 0.582744 0.016562 0.039458
0 0.569394 0.580389 0.021862 0.041814
0 0.601192 0.562426 0.021862 0.036514
0 0.613283 0.553004 0.016231 0.037691
0 0.640609 0.541519 0.017224 0.035925
0 0.642431 0.576855 0.020205 0.034747
0 0.661974 0.576561 0.019543 0.040047
0 0.652865 0.525618 0.017887 0.041814
0 0.686982 0.558304 0.021199 0.034158
0 0.702219 0.574794 0.019874 0.032980
0 0.722259 0.579505 0.018880 0.040047
0 0.741968 0.555654 0.019874 0.034747
0 0.767307 0.557126 0.022193 0.032980
0 0.791653 0.576266 0.019212 0.033569
0 0.806393 0.575088 0.016893 0.031213
0 0.821961 0.586572 0.020205 0.028269
0 0.842498 0.565665 0.020868 0.033569
0 0.863200 0.590695 0.019212 0.034158
