0 0.087709 0.559990 0.028161 0.039124
0 0.131564 0.549035 0.023174 0.044340
0 0.158111 0.588680 0.025814 0.045383
0 0.190818 0.565206 0.024934 0.035994
0 0.218833 0.539645 0.023467 0.038080
0 0.230419 0.562598 0.019654 0.041210
0 0.261954 0.565467 0.024054 0.033385
0 0.286154 0.550600 0.020241 0.038080
0 0.309915 0.557642 0.022001 0.033385
0 0.310062 0.521909 0.023467 0.038080
0 0.332796 0.542775 0.021414 0.027647
0 0.352889 0.552947 0.022294 0.033385
0 0.378557 0.552426 0.019067 0.037559
0 0.398211 0.557903 0.022587 0.033907
0 0.422851 0.561555 0.024347 0.041210
0 0.442505 0.554512 0.021414 0.036515
0 0.464506 0.541993 0.021414 0.033385
0 0.488560 0.541471 0.022587 0.034429
0 0.512027 0.565467 0.017894 0.036515
0 0.530947 0.545644 0.021121 0.033385
0 0.568495 0.571987 0.019361 0.040167
0 0.587856 0.578769 0.018774 0.041210
0 0.612936 0.575900 0.023174 0.041732
0 0.645351 0.555556 0.023467 0.036515
0 0.658698 0.544079 0.018480 0.038602
0 0.687738 0.530777 0.019654 0.040167
0 0.690818 0.567032 0.021707 0.035472
0 0.711499 0.565206 0.020827 0.041210
0 0.701085 0.513302 0.018774 0.040689
0 0.737606 0.545905 0.022587 0.032864
0 0.754180 0.560772 0.019361 0.034429
0 0.775887 0.563902 0.019361 0.040689
0 0.796128 0.538863 0.019947 0.034429
0 0.822675 0.537298 0.022587 0.033385
0 0.848929 0.557121 0.019947 0.036515
0 0.864330 0.553208 0.018480 0.032864
0 0.882224 0.563380 0.021414 0.030256
0 0.903051 0.539645 0.020827 0.038080
0 0.925638 0.564945 0.019654 0.036515
