0 0.093885 0.449880 0.026619 0.027818
0 0.136871 0.443165 0.023381 0.031655
0 0.166727 0.470504 0.024820 0.033573
0 0.196223 0.455396 0.025540 0.028297
0 0.223201 0.437890 0.024101 0.029736
0 0.236511 0.455396 0.022662 0.031175
0 0.266906 0.457074 0.024460 0.025899
0 0.290827 0.448681 0.020504 0.029257
0 0.314568 0.455396 0.021942 0.025420
0 0.336871 0.446763 0.021942 0.025420
0 0.314029 0.428058 0.023741 0.029257
0 0.357734 0.452998 0.024820 0.028297
0 0.382194 0.453477 0.018345 0.029257
0 0.400540 0.458753 0.021942 0.025420
0 0.426619 0.461151 0.023022 0.030216
0 0.446403 0.454436 0.020863 0.028297
0 0.468705 0.447722 0.022302 0.027338
0 0.492986 0.448201 0.021942 0.027338
0 0.516727 0.468825 0.019065 0.029257
0 0.536151 0.453957 0.022662 0.026379
0 0.572302 0.472182 0.018705 0.032134
0 0.592626 0.478657 0.019784 0.030695
0 0.617446 0.475779 0.023381 0.032614
0 0.649281 0.459952 0.023741 0.028777
0 0.664568 0.454916 0.018345 0.029257
0 0.693525 0.444604 0.018705 0.030695
0 0.696223 0.472902 0.022662 0.025899
0 0.717266 0.472662 0.020863 0.030216
0 0.707374 0.432614 0.020504 0.030695
0 0.743345 0.457314 0.023381 0.026379
0 0.761331 0.468825 0.021223 0.028297
0 0.783993 0.473861 0.019784 0.031655
0 0.804676 0.455156 0.021583 0.025899
0 0.831475 0.454676 0.022662 0.026859
0 0.858813 0.470024 0.021942 0.027818
0 0.875540 0.468825 0.020144 0.026379
0 0.894245 0.477698 0.022302 0.022062
0 0.915288 0.460432 0.021942 0.027818
0 0.938129 0.478417 0.018705 0.027338
