0 0.048503 0.421631 0.027995 0.017090
0 0.093099 0.418457 0.024740 0.017578
0 0.123047 0.435303 0.026042 0.019043
0 0.151693 0.427246 0.026042 0.014648
0 0.178385 0.418213 0.023438 0.016113
0 0.191406 0.428223 0.022135 0.016602
0 0.221354 0.429688 0.023438 0.015625
0 0.245443 0.425049 0.023438 0.018066
0 0.268229 0.429199 0.023438 0.014648
0 0.267578 0.414307 0.024740 0.016113
0 0.289714 0.425049 0.020833 0.015137
0 0.310547 0.428955 0.024740 0.015137
0 0.334635 0.429932 0.018229 0.016113
0 0.352865 0.432617 0.022135 0.015625
0 0.376953 0.434814 0.024740 0.017090
0 0.397461 0.432861 0.020182 0.016113
0 0.418294 0.429199 0.021484 0.014648
0 0.440755 0.429199 0.022135 0.016602
0 0.464844 0.440674 0.018229 0.016113
0 0.483073 0.433838 0.020833 0.016113
0 0.518229 0.444580 0.019531 0.017090
0 0.537109 0.448730 0.019531 0.016602
0 0.560221 0.447754 0.021484 0.018555
0 0.591797 0.440430 0.022135 0.016602
0 0.606445 0.437012 0.016276 0.015625
0 0.634440 0.446777 0.021484 0.014648
0 0.654622 0.447021 0.020182 0.017090
0 0.632161 0.431396 0.018229 0.017090
0 0.646484 0.425781 0.018229 0.016602
0 0.678385 0.438965 0.020833 0.015625
0 0.694661 0.446045 0.020833 0.015137
0 0.716146 0.448486 0.019531 0.017090
0 0.736979 0.438721 0.019531 0.015137
0 0.761068 0.438965 0.023438 0.015625
0 0.784831 0.448242 0.021484 0.015625
0 0.802083 0.447266 0.014323 0.015625
0 0.817057 0.452148 0.019531 0.013672
0 0.837565 0.442627 0.021484 0.016113
0 0.860026 0.453369 0.024740 0.016113
