0 0.053837 0.450653 0.027800 0.031332
0 0.102780 0.443864 0.023101 0.036554
0 0.131754 0.473629 0.027016 0.036554
0 0.165035 0.459530 0.026233 0.029243
0 0.194597 0.441775 0.025842 0.032376
0 0.207518 0.460052 0.023493 0.033420
0 0.240995 0.464230 0.026233 0.028198
0 0.266836 0.453786 0.022318 0.033420
0 0.291895 0.462663 0.025450 0.028198
0 0.292874 0.433159 0.025842 0.031854
0 0.316366 0.453264 0.022709 0.028198
0 0.339272 0.460313 0.026233 0.029765
0 0.365701 0.462141 0.020360 0.032376
0 0.386257 0.467363 0.024667 0.029243
0 0.413078 0.470235 0.024276 0.036031
0 0.435004 0.465535 0.023493 0.031854
0 0.458692 0.457441 0.023101 0.028198
0 0.484534 0.459008 0.025450 0.029243
0 0.510376 0.481462 0.019969 0.031332
0 0.531519 0.465796 0.023884 0.028198
0 0.568912 0.486423 0.021926 0.032898
0 0.589272 0.493734 0.018794 0.034987
0 0.617071 0.491384 0.025059 0.035509
0 0.650548 0.474413 0.024667 0.032898
0 0.667384 0.470757 0.019186 0.032898
0 0.696554 0.459530 0.021143 0.033420
0 0.700078 0.489556 0.024276 0.030809
0 0.722788 0.489295 0.022709 0.034465
0 0.712216 0.447520 0.021143 0.035509
0 0.750196 0.475196 0.025059 0.028198
0 0.768990 0.489295 0.023493 0.029243
0 0.793265 0.493211 0.021926 0.033943
0 0.815192 0.474151 0.023493 0.029243
0 0.843970 0.474151 0.023884 0.029243
0 0.872161 0.491384 0.023101 0.031332
0 0.890368 0.489295 0.021143 0.031332
0 0.910532 0.500000 0.023884 0.027676
0 0.931872 0.482768 0.024276 0.030809
0 0.955756 0.502611 0.021143 0.031854
