0 0.075825 0.430054 0.026326 0.027682
0 0.120504 0.423134 0.023730 0.030648
0 0.149796 0.449086 0.025955 0.035096
0 0.180756 0.436975 0.024842 0.028670
0 0.208565 0.420168 0.023359 0.029659
0 0.221172 0.436233 0.021876 0.031142
0 0.252874 0.441176 0.023730 0.026199
0 0.277531 0.432526 0.021876 0.031636
0 0.301446 0.439199 0.024472 0.026199
0 0.302744 0.412012 0.024842 0.030153
0 0.324620 0.431784 0.022618 0.026199
0 0.346311 0.437469 0.025955 0.025704
0 0.371339 0.440435 0.020393 0.028670
0 0.390990 0.445625 0.022618 0.025210
0 0.416574 0.447850 0.023359 0.032625
0 0.436967 0.442659 0.022618 0.029165
0 0.459585 0.436233 0.023359 0.028176
0 0.484613 0.437222 0.022247 0.029165
0 0.510011 0.460702 0.018910 0.030648
0 0.529663 0.444637 0.021876 0.026199
0 0.564887 0.461443 0.021876 0.032130
0 0.585095 0.467375 0.018539 0.030153
0 0.611420 0.465398 0.025213 0.034108
0 0.643122 0.450074 0.024842 0.028176
0 0.661105 0.447108 0.018539 0.029165
0 0.689099 0.436233 0.020393 0.031142
0 0.692065 0.466139 0.023359 0.028670
0 0.705043 0.425853 0.021135 0.033119
0 0.714312 0.466387 0.021876 0.032130
0 0.741565 0.451557 0.025213 0.027187
0 0.759362 0.464904 0.022247 0.027187
0 0.782722 0.468858 0.021505 0.032130
0 0.804042 0.450816 0.021876 0.026693
0 0.831850 0.450816 0.024842 0.027682
0 0.859844 0.466387 0.022989 0.028176
0 0.876715 0.466387 0.021135 0.026199
0 0.895996 0.474543 0.022618 0.021750
0 0.918057 0.459960 0.023730 0.028176
0 0.941416 0.479486 0.021505 0.029659
