0 0.032331 0.467920 0.026316 0.028571
0 0.074624 0.459398 0.023684 0.033584
0 0.096617 0.483709 0.025564 0.035088
0 0.131391 0.469173 0.026692 0.029073
0 0.161090 0.451629 0.023684 0.028070
0 0.169361 0.467168 0.021429 0.031078
0 0.205827 0.471429 0.022180 0.025564
0 0.229699 0.459148 0.024060 0.033083
0 0.253759 0.467168 0.025564 0.027068
0 0.253195 0.437594 0.026692 0.032080
0 0.277256 0.457143 0.021429 0.027068
0 0.294925 0.460401 0.022932 0.025564
0 0.323496 0.462657 0.021429 0.030075
0 0.343985 0.466667 0.021805 0.028070
0 0.366165 0.466917 0.023308 0.034586
0 0.389850 0.462406 0.024060 0.029574
0 0.413346 0.453634 0.022932 0.026065
0 0.436654 0.452381 0.025940 0.027569
0 0.467293 0.473935 0.021053 0.031579
0 0.484962 0.456642 0.023308 0.030075
0 0.513346 0.471930 0.022180 0.034586
0 0.535902 0.478195 0.019925 0.032080
0 0.561278 0.474436 0.026316 0.035589
0 0.591165 0.456391 0.025188 0.030576
0 0.612594 0.451128 0.022180 0.032080
0 0.640414 0.438847 0.022180 0.031579
0 0.644925 0.468922 0.024436 0.029574
0 0.659586 0.427068 0.025188 0.034085
0 0.668233 0.466667 0.024436 0.034085
0 0.695489 0.449624 0.024812 0.029073
0 0.717105 0.463910 0.024436 0.029574
0 0.742669 0.468170 0.022180 0.033083
0 0.764850 0.446867 0.024436 0.027569
0 0.793045 0.444361 0.025188 0.028571
0 0.822932 0.460401 0.025564 0.031579
0 0.843233 0.458897 0.023308 0.028571
0 0.864474 0.466917 0.025188 0.025564
0 0.886278 0.447619 0.024436 0.031078
0 0.911278 0.467920 0.021805 0.030576
0 0.927632 0.467168 0.011654 0.034085
