0 0.097340 0.619219 0.028913 0.031860
0 0.142444 0.612282 0.023516 0.033402
0 0.174441 0.634378 0.027371 0.037513
0 0.203354 0.623073 0.026600 0.029291
0 0.228990 0.607143 0.024672 0.030319
0 0.243639 0.621017 0.022359 0.032374
0 0.274865 0.625385 0.025443 0.029805
0 0.299730 0.615622 0.024287 0.032888
0 0.322860 0.622816 0.024287 0.028777
0 0.322475 0.595581 0.023516 0.030832
0 0.345605 0.614594 0.022745 0.025694
0 0.367772 0.619219 0.024672 0.029805
0 0.392251 0.621531 0.018890 0.031346
0 0.412105 0.627698 0.023130 0.026208
0 0.438705 0.626156 0.024672 0.032374
0 0.458944 0.621274 0.022745 0.030832
0 0.481303 0.614337 0.021974 0.028263
0 0.505975 0.613052 0.025058 0.029805
0 0.530069 0.636948 0.020817 0.032374
0 0.550694 0.619476 0.022745 0.028263
0 0.589437 0.632066 0.021588 0.032888
0 0.608520 0.639003 0.018119 0.033402
0 0.635505 0.635406 0.025058 0.034430
0 0.668273 0.618191 0.025829 0.027749
0 0.684850 0.615622 0.018890 0.028777
0 0.712413 0.603289 0.022359 0.030832
0 0.716076 0.633094 0.023516 0.028777
0 0.738435 0.631295 0.022745 0.032374
0 0.726870 0.594039 0.021203 0.032888
0 0.764071 0.617420 0.024672 0.030319
0 0.782190 0.631038 0.021588 0.028777
0 0.806669 0.635406 0.021974 0.032374
0 0.826715 0.615622 0.025058 0.029805
0 0.854472 0.614851 0.023516 0.028263
0 0.882421 0.630010 0.023130 0.030832
0 0.899769 0.630267 0.020046 0.028263
0 0.919237 0.638489 0.023516 0.025180
0 0.939476 0.621531 0.023130 0.029291
0 0.964726 0.640031 0.019661 0.030319
