0 0.077474 0.422607 0.027344 0.016113
0 0.119466 0.421875 0.022786 0.018555
0 0.135091 0.437988 0.025391 0.018555
0 0.168294 0.430420 0.024089 0.015137
0 0.196615 0.421875 0.023438 0.016602
0 0.203776 0.432861 0.022135 0.016113
0 0.235352 0.433838 0.022786 0.015137
0 0.259115 0.429932 0.020833 0.016113
0 0.282227 0.419434 0.025391 0.017578
0 0.283854 0.435547 0.027344 0.013672
0 0.304036 0.430664 0.019531 0.014648
0 0.322591 0.435303 0.026693 0.015137
0 0.347982 0.436279 0.020182 0.017090
0 0.367188 0.439941 0.020833 0.014648
0 0.387695 0.442871 0.021484 0.018555
0 0.409180 0.440186 0.021484 0.017090
0 0.431641 0.437256 0.020833 0.016113
0 0.453125 0.439209 0.023438 0.016113
0 0.479492 0.449951 0.018880 0.019043
0 0.498047 0.442139 0.020833 0.017090
0 0.522135 0.455322 0.022135 0.019043
0 0.542969 0.459961 0.020833 0.016602
0 0.566406 0.459473 0.026042 0.019531
0 0.596029 0.452148 0.024089 0.018555
0 0.615885 0.449463 0.018229 0.017090
0 0.642578 0.445068 0.019531 0.017090
0 0.662435 0.438721 0.021484 0.017090
0 0.646159 0.461182 0.022786 0.016113
0 0.668945 0.460693 0.020182 0.020020
0 0.693034 0.454590 0.024089 0.015625
0 0.714193 0.460693 0.023438 0.018066
0 0.737305 0.464600 0.021484 0.019043
0 0.759115 0.455322 0.022135 0.016113
0 0.786133 0.456055 0.027995 0.016602
0 0.811523 0.465820 0.021484 0.019531
0 0.831055 0.465576 0.020182 0.015137
0 0.850586 0.470459 0.022786 0.014160
0 0.872070 0.461182 0.022786 0.018066
0 0.894531 0.474609 0.020833 0.017578
