0 0.039619 0.495189 0.028720 0.039086
0 0.087543 0.485268 0.026298 0.049308
0 0.111938 0.521347 0.029412 0.050511
0 0.148616 0.502105 0.027336 0.042093
0 0.179585 0.479856 0.024913 0.040890
0 0.190138 0.502706 0.022491 0.043295
0 0.226644 0.508719 0.025606 0.036079
0 0.252768 0.493987 0.022491 0.043897
0 0.279066 0.466326 0.025952 0.047505
0 0.279066 0.506314 0.025952 0.036079
0 0.303979 0.494889 0.022491 0.037282
0 0.324048 0.500000 0.023875 0.036681
0 0.353114 0.506013 0.021799 0.040289
0 0.374221 0.513229 0.024567 0.033073
0 0.400173 0.513830 0.024567 0.045099
0 0.422664 0.506915 0.022491 0.038485
0 0.447405 0.497895 0.024221 0.037282
0 0.473183 0.498196 0.023875 0.036681
0 0.501038 0.530968 0.020069 0.039687
0 0.521453 0.507817 0.024221 0.036681
0 0.558304 0.529465 0.022491 0.045099
0 0.579931 0.539687 0.019377 0.043897
0 0.607785 0.535779 0.025952 0.048106
0 0.642215 0.512628 0.025606 0.042694
0 0.660900 0.507216 0.018685 0.042694
0 0.691696 0.490980 0.022145 0.042694
0 0.694810 0.532772 0.024913 0.037282
0 0.717474 0.532171 0.022491 0.045701
0 0.708131 0.477450 0.023875 0.045701
0 0.747059 0.511124 0.025606 0.039687
0 0.766782 0.529465 0.024913 0.037883
0 0.792907 0.536981 0.023875 0.044498
0 0.815225 0.509020 0.024913 0.036681
0 0.844810 0.509621 0.025260 0.039086
0 0.874740 0.531269 0.024913 0.041491
0 0.892561 0.530066 0.022491 0.037883
0 0.913322 0.542093 0.024567 0.035478
0 0.937370 0.518340 0.024221 0.042093
0 0.962111 0.546603 0.022491 0.042093
