0 0.091587 0.467922 0.024180 0.037669
0 0.131500 0.456151 0.020537 0.041201
0 0.152203 0.486757 0.023518 0.045909
0 0.184498 0.468805 0.025174 0.035903
0 0.210831 0.446439 0.020205 0.037081
0 0.219444 0.467039 0.020205 0.037081
0 0.251739 0.469394 0.023849 0.034726
0 0.273932 0.455856 0.021862 0.039435
0 0.296456 0.429076 0.023186 0.037669
0 0.297118 0.464979 0.023186 0.032961
0 0.317655 0.452619 0.018549 0.031783
0 0.335376 0.455856 0.021530 0.033549
0 0.362537 0.459388 0.018880 0.035903
0 0.380590 0.466157 0.021199 0.031783
0 0.401457 0.464391 0.021199 0.041201
0 0.422160 0.457622 0.021530 0.038258
0 0.443524 0.447616 0.021862 0.033549
0 0.465717 0.447028 0.023186 0.034726
0 0.492547 0.473808 0.017224 0.037669
0 0.509606 0.452031 0.020205 0.036492
0 0.538092 0.469394 0.019543 0.040612
0 0.558629 0.477340 0.018880 0.040024
0 0.582478 0.471748 0.022855 0.045321
0 0.610798 0.449676 0.022524 0.037669
0 0.628519 0.444968 0.018880 0.037669
0 0.655018 0.428782 0.020868 0.039435
0 0.659324 0.464979 0.022193 0.036492
0 0.679861 0.464391 0.022193 0.040024
0 0.671414 0.413479 0.021199 0.041789
0 0.705200 0.442025 0.023186 0.035315
0 0.724412 0.459682 0.022524 0.034138
0 0.747930 0.463214 0.019874 0.040024
0 0.767473 0.437610 0.022524 0.035903
0 0.793806 0.435256 0.022855 0.035903
0 0.820636 0.452913 0.021530 0.035903
0 0.838191 0.450559 0.020205 0.034726
0 0.857237 0.460859 0.022524 0.031783
0 0.877940 0.437610 0.022193 0.039435
0 0.901789 0.461448 0.020205 0.038846
