0 0.242255 0.719131 0.017761 0.031250
0 0.277984 0.719131 0.014870 0.026677
0 0.296985 0.715701 0.014870 0.033537
0 0.325898 0.714558 0.015696 0.029726
0 0.339116 0.706555 0.013218 0.035061
0 0.357084 0.697790 0.016109 0.031250
0 0.369888 0.676448 0.016935 0.029726
0 0.376291 0.699695 0.016522 0.032012
0 0.406237 0.692454 0.015283 0.035823
0 0.421520 0.692835 0.016935 0.041159
0 0.444031 0.686738 0.016522 0.035061
0 0.465304 0.678735 0.014457 0.034299
0 0.479760 0.677210 0.017761 0.032774
0 0.505370 0.677591 0.018587 0.039634
0 0.528501 0.672637 0.017761 0.037348
0 0.543784 0.687500 0.018587 0.035061
0 0.553490 0.668445 0.020653 0.033537
0 0.586534 0.656631 0.019000 0.035823
0 0.597480 0.664634 0.018587 0.039634
0 0.628872 0.664253 0.016935 0.035823
0 0.642090 0.665015 0.019413 0.035823
0 0.661297 0.666540 0.019827 0.043445
0 0.682156 0.655488 0.022718 0.039634
0 0.708178 0.660061 0.023544 0.036585
0 0.733168 0.659299 0.018174 0.044207
0 0.752375 0.656631 0.020240 0.035823
0 0.772408 0.650915 0.022305 0.042683
0 0.795539 0.652058 0.023131 0.044970
0 0.819909 0.639482 0.024783 0.045732
0 0.843866 0.628430 0.019827 0.046494
0 0.864312 0.633765 0.024370 0.043445
0 0.884552 0.615854 0.021066 0.044207
0 0.935564 0.596799 0.026435 0.042683
