0 0.216553 0.490885 0.018066 0.020833
0 0.245605 0.486003 0.014648 0.021484
0 0.261475 0.503906 0.017090 0.023438
0 0.283203 0.494466 0.017578 0.018880
0 0.302002 0.482422 0.016113 0.020833
0 0.310791 0.493815 0.019043 0.022786
0 0.330322 0.494466 0.016113 0.021484
0 0.346924 0.488607 0.016113 0.024089
0 0.362793 0.473958 0.017578 0.023438
0 0.362305 0.494141 0.016602 0.016927
0 0.377197 0.487630 0.013184 0.018229
0 0.390869 0.490234 0.017090 0.019531
0 0.407959 0.491211 0.014160 0.022786
0 0.421631 0.494466 0.016113 0.020182
0 0.437256 0.496094 0.015137 0.023438
0 0.451660 0.491862 0.014648 0.021484
0 0.466797 0.486654 0.015625 0.021484
0 0.482422 0.487630 0.016602 0.020833
0 0.500488 0.500977 0.013672 0.022786
0 0.513672 0.489258 0.014648 0.022786
0 0.534668 0.502604 0.014648 0.022135
0 0.548584 0.507487 0.014160 0.022786
0 0.565918 0.505859 0.017578 0.022135
0 0.586426 0.492839 0.017578 0.020833
0 0.598877 0.490885 0.011230 0.022135
0 0.617432 0.484049 0.015137 0.021484
0 0.620117 0.503906 0.015625 0.019531
0 0.635742 0.502279 0.015625 0.022786
0 0.629883 0.474284 0.015625 0.025391
0 0.653076 0.491536 0.016113 0.019531
0 0.666992 0.500000 0.016602 0.020833
0 0.683105 0.502930 0.013672 0.022786
0 0.697510 0.490885 0.016113 0.020833
0 0.716064 0.489583 0.018066 0.019531
0 0.735596 0.500326 0.017090 0.021484
0 0.748535 0.500000 0.012695 0.022135
0 0.762207 0.504232 0.014648 0.018880
0 0.776367 0.492188 0.016602 0.022135
0 0.793945 0.506836 0.017578 0.021484
