0 0.008512 0.486486 0.010539 0.031351
0 0.024524 0.488108 0.021484 0.036757
0 0.052088 0.468649 0.024726 0.033514
0 0.075395 0.490000 0.026753 0.029730
0 0.097892 0.482703 0.023105 0.033514
0 0.118160 0.484595 0.026348 0.031892
0 0.151601 0.468919 0.028375 0.030811
0 0.180989 0.471081 0.026348 0.031892
0 0.204297 0.493784 0.023510 0.037297
0 0.230442 0.490270 0.025537 0.032432
0 0.253344 0.478378 0.025942 0.029189
0 0.282327 0.495946 0.023916 0.035135
0 0.293069 0.452432 0.025132 0.034595
0 0.311715 0.466486 0.024321 0.033514
0 0.306040 0.498378 0.025942 0.031351
0 0.342319 0.480270 0.021484 0.034054
0 0.362383 0.487297 0.027564 0.035135
0 0.395825 0.507568 0.028780 0.036757
0 0.422983 0.511351 0.021484 0.037838
0 0.446696 0.505676 0.023510 0.035135
0 0.481151 0.487297 0.024321 0.029730
0 0.502432 0.506757 0.021484 0.032973
0 0.532023 0.485405 0.027158 0.031351
0 0.558776 0.486216 0.026348 0.030811
0 0.582692 0.496757 0.025537 0.033514
0 0.606810 0.504324 0.024321 0.037838
0 0.631739 0.502703 0.023916 0.033514
0 0.653223 0.498649 0.022294 0.031892
0 0.680786 0.499459 0.027158 0.031351
0 0.703891 0.494865 0.022294 0.027568
0 0.727402 0.505405 0.026348 0.028108
0 0.753749 0.499459 0.025537 0.036757
0 0.729631 0.475676 0.026753 0.034595
0 0.779895 0.512703 0.025132 0.029730
0 0.816173 0.511622 0.023105 0.034054
0 0.827321 0.492703 0.026753 0.035135
0 0.857925 0.514324 0.028780 0.029730
0 0.892582 0.532703 0.027564 0.037297
0 0.920957 0.503514 0.025132 0.037297
0 0.965951 0.514865 0.029185 0.034054
