0 0.026789 0.408203 0.012558 0.035156
0 0.045207 0.409598 0.023441 0.039062
0 0.075555 0.391462 0.028045 0.034040
0 0.097530 0.418527 0.027627 0.031250
0 0.122645 0.409877 0.023441 0.032924
0 0.145249 0.414621 0.025952 0.039062
0 0.178736 0.400391 0.028464 0.035156
0 0.210339 0.406808 0.027208 0.034598
0 0.232524 0.432757 0.023859 0.038504
0 0.261825 0.431920 0.027208 0.034598
0 0.288824 0.420480 0.031812 0.034040
0 0.316241 0.442522 0.026371 0.039062
0 0.340938 0.447266 0.027208 0.031808
0 0.328380 0.398438 0.027208 0.036830
0 0.348472 0.413504 0.025534 0.034598
0 0.377982 0.431641 0.023441 0.036272
0 0.402470 0.439174 0.029720 0.034598
0 0.434282 0.463728 0.029720 0.037946
0 0.463374 0.473214 0.024278 0.035714
0 0.487861 0.467634 0.024697 0.037946
0 0.519046 0.454520 0.025952 0.031808
0 0.539347 0.477121 0.023022 0.033482
0 0.573462 0.455636 0.029301 0.034040
0 0.599623 0.460938 0.024697 0.032366
0 0.625366 0.472656 0.025115 0.033482
0 0.650481 0.481306 0.024278 0.036272
0 0.675178 0.483259 0.024278 0.034598
0 0.698409 0.481306 0.023859 0.037388
0 0.730222 0.482422 0.025534 0.031808
0 0.751360 0.481027 0.024278 0.030134
0 0.774801 0.494420 0.028464 0.031250
0 0.778359 0.464007 0.029720 0.038504
0 0.803056 0.489676 0.027208 0.036272
0 0.829636 0.507254 0.027627 0.031250
0 0.869820 0.507533 0.024278 0.035156
0 0.879657 0.491908 0.025534 0.032924
0 0.910841 0.514509 0.030138 0.033482
0 0.947677 0.533482 0.029301 0.041295
0 0.974885 0.510882 0.027627 0.037388
