0 0.015505 0.669619 0.026983 0.032743
0 0.044100 0.647075 0.023762 0.031669
0 0.066251 0.664788 0.024567 0.025228
0 0.086589 0.655663 0.021748 0.029522
0 0.105518 0.654053 0.024164 0.031669
0 0.133105 0.637950 0.026178 0.030596
0 0.162304 0.636071 0.024970 0.033280
0 0.184253 0.656200 0.023762 0.033816
0 0.208216 0.650027 0.024164 0.031133
0 0.227547 0.635534 0.025775 0.030059
0 0.254732 0.649490 0.024567 0.037574
0 0.277890 0.650832 0.026581 0.031669
0 0.265807 0.609232 0.020942 0.036500
0 0.281917 0.617821 0.021748 0.033280
0 0.309907 0.629898 0.018929 0.032743
0 0.328836 0.630435 0.026983 0.028449
0 0.362465 0.648953 0.027386 0.035427
0 0.389448 0.651369 0.020942 0.035963
0 0.410189 0.643317 0.022956 0.039184
0 0.449658 0.629361 0.024567 0.031669
0 0.472412 0.645733 0.020942 0.035427
0 0.497584 0.619163 0.026178 0.030596
0 0.522352 0.618626 0.022553 0.029522
0 0.545509 0.625067 0.022151 0.030596
0 0.568264 0.628824 0.024970 0.034890
0 0.595449 0.630435 0.024567 0.029522
0 0.616190 0.621310 0.023359 0.033816
0 0.640153 0.618357 0.026983 0.032206
0 0.663915 0.612721 0.022956 0.030596
0 0.688280 0.620236 0.025775 0.029522
0 0.687072 0.591251 0.026581 0.031669
0 0.712646 0.611648 0.025373 0.032743
0 0.738824 0.620773 0.025373 0.032743
0 0.771244 0.614868 0.024970 0.035963
0 0.785139 0.600376 0.025373 0.035963
0 0.811720 0.613795 0.027789 0.030596
0 0.842731 0.623725 0.034233 0.040794
0 0.875554 0.600107 0.025775 0.036500
0 0.923077 0.604670 0.028192 0.037037
