0 0.028989 0.565343 0.022921 0.043321
0 0.055506 0.536823 0.026517 0.042599
0 0.080225 0.561011 0.025618 0.034657
0 0.102472 0.547292 0.023371 0.040433
0 0.120449 0.548014 0.026067 0.043321
0 0.152135 0.524910 0.027416 0.040433
0 0.184045 0.524549 0.026517 0.042599
0 0.209213 0.550903 0.023820 0.044765
0 0.235056 0.542599 0.025169 0.041155
0 0.254607 0.524910 0.026517 0.038989
0 0.297753 0.487004 0.024719 0.051264
0 0.284944 0.543321 0.026067 0.045487
0 0.309663 0.545487 0.026966 0.041155
0 0.313708 0.502527 0.025169 0.043321
0 0.346292 0.515884 0.018427 0.044043
0 0.364045 0.525271 0.028764 0.042599
0 0.404270 0.546209 0.030112 0.048375
0 0.436404 0.549097 0.024270 0.044043
0 0.459775 0.536823 0.025169 0.048375
0 0.509663 0.510830 0.026966 0.041155
0 0.535730 0.534657 0.025169 0.042599
0 0.562697 0.500361 0.030562 0.040433
0 0.593034 0.499278 0.027416 0.038267
0 0.619775 0.509386 0.026067 0.045487
0 0.645169 0.515523 0.030112 0.047653
0 0.680674 0.510830 0.028315 0.041155
0 0.703146 0.503249 0.026517 0.044765
0 0.732809 0.499639 0.031011 0.043321
0 0.761124 0.490614 0.028315 0.038267
0 0.789888 0.502166 0.031011 0.039711
0 0.789213 0.461733 0.031461 0.044043
0 0.820000 0.491336 0.031011 0.044043
0 0.851910 0.504693 0.029213 0.038989
0 0.888989 0.498556 0.031461 0.045487
0 0.909888 0.471841 0.029213 0.048375
0 0.942022 0.496751 0.034157 0.044765
0 0.976404 0.514801 0.036404 0.054874
