0 0.007472 0.527142 0.014136 0.037933
0 0.017165 0.544801 0.023021 0.037933
0 0.040994 0.515370 0.026252 0.037933
0 0.067044 0.534009 0.026656 0.030739
0 0.087439 0.520602 0.023021 0.035317
0 0.106826 0.528123 0.026252 0.037279
0 0.136511 0.502616 0.027464 0.034663
0 0.166801 0.497057 0.025040 0.035317
0 0.192246 0.518967 0.023425 0.042511
0 0.217690 0.513734 0.023425 0.034663
0 0.238691 0.500981 0.024233 0.036625
0 0.275040 0.458470 0.027464 0.041857
0 0.267367 0.518640 0.024233 0.040549
0 0.293013 0.518313 0.027868 0.035971
0 0.295032 0.481033 0.023829 0.038587
0 0.326333 0.485939 0.021002 0.040549
0 0.344103 0.507194 0.025848 0.038587
0 0.381260 0.517986 0.028271 0.041857
0 0.410137 0.515697 0.022213 0.038587
0 0.432149 0.507194 0.024233 0.042511
0 0.470921 0.453237 0.024233 0.039241
0 0.494144 0.468607 0.023829 0.038587
0 0.521607 0.448332 0.026252 0.038587
0 0.547859 0.441465 0.025444 0.037933
0 0.573506 0.455199 0.025040 0.039241
0 0.596931 0.466645 0.028271 0.042511
0 0.623990 0.446370 0.024233 0.035971
0 0.645800 0.441465 0.023425 0.039241
0 0.674071 0.444081 0.025848 0.036625
0 0.696688 0.428385 0.024233 0.032701
0 0.722940 0.439176 0.028271 0.037279
0 0.722738 0.402551 0.025444 0.038587
0 0.749394 0.429366 0.025444 0.041203
0 0.776252 0.439176 0.025848 0.039895
0 0.812197 0.442773 0.026656 0.043165
0 0.825525 0.407129 0.027464 0.039895
0 0.857229 0.434925 0.028675 0.035317
0 0.890347 0.466318 0.028675 0.045782
0 0.922456 0.407456 0.026656 0.045782
0 0.971729 0.412688 0.029887 0.039241
