0 0.013900 0.463087 0.027027 0.044295
0 0.037838 0.494295 0.027027 0.038255
0 0.061197 0.484564 0.023552 0.044295
0 0.081853 0.486577 0.027799 0.045638
0 0.116602 0.463423 0.028571 0.043624
0 0.149035 0.466779 0.029344 0.048993
0 0.173745 0.503356 0.026255 0.052349
0 0.202510 0.500671 0.028185 0.044295
0 0.225869 0.479195 0.028571 0.042953
0 0.256178 0.507047 0.027413 0.053020
0 0.282046 0.510738 0.028185 0.041611
0 0.287645 0.466107 0.023938 0.048993
0 0.269691 0.446980 0.026641 0.051007
0 0.321429 0.487584 0.023552 0.047651
0 0.340927 0.497315 0.029344 0.045638
0 0.378764 0.525839 0.030116 0.050336
0 0.409653 0.532886 0.023938 0.049664
0 0.434749 0.524832 0.024710 0.051007
0 0.475483 0.505034 0.026641 0.039597
0 0.498069 0.533557 0.023166 0.044295
0 0.530309 0.502685 0.027413 0.046980
0 0.558494 0.506376 0.025869 0.040940
0 0.585521 0.519128 0.027413 0.047651
0 0.611776 0.528859 0.028185 0.053691
0 0.639382 0.529195 0.027799 0.046309
0 0.662934 0.524161 0.023166 0.045638
0 0.694595 0.524161 0.029344 0.038926
0 0.719498 0.520134 0.024324 0.040268
0 0.746139 0.535235 0.028958 0.039597
0 0.747876 0.493289 0.030116 0.045638
0 0.774903 0.526846 0.029344 0.048322
0 0.804054 0.546309 0.029730 0.042953
0 0.844402 0.545302 0.026255 0.048993
0 0.857143 0.520470 0.030888 0.046309
0 0.890927 0.549664 0.032046 0.044295
0 0.930888 0.574832 0.030888 0.054362
0 0.960232 0.538591 0.029344 0.050336
