0 0.014800 0.499485 0.027461 0.040701
0 0.039943 0.524214 0.027817 0.034518
0 0.064194 0.514683 0.024251 0.040185
0 0.083096 0.518547 0.026391 0.041731
0 0.119116 0.499485 0.029244 0.035549
0 0.152639 0.500515 0.027817 0.039670
0 0.177603 0.529366 0.024251 0.041731
0 0.206134 0.526533 0.025678 0.038125
0 0.229137 0.509789 0.027461 0.035549
0 0.259807 0.531942 0.026748 0.043792
0 0.285663 0.535291 0.027817 0.037094
0 0.275143 0.481195 0.026748 0.041216
0 0.291548 0.496909 0.023894 0.038640
0 0.325428 0.514941 0.021755 0.038640
0 0.345399 0.520866 0.029601 0.036064
0 0.383559 0.545595 0.029601 0.041216
0 0.415478 0.550747 0.022825 0.042246
0 0.440621 0.543019 0.025321 0.043277
0 0.481990 0.526790 0.026748 0.036579
0 0.503923 0.548944 0.020685 0.036579
0 0.536020 0.522669 0.026391 0.037609
0 0.564194 0.524987 0.026391 0.034003
0 0.591476 0.536064 0.026034 0.038640
0 0.617689 0.545080 0.026391 0.041216
0 0.644615 0.545595 0.026748 0.036064
0 0.668509 0.539670 0.023894 0.037609
0 0.702211 0.537609 0.028531 0.033488
0 0.724857 0.534261 0.024608 0.031942
0 0.751248 0.547398 0.028887 0.033488
0 0.752675 0.511334 0.030314 0.040701
0 0.779957 0.539928 0.028531 0.040185
0 0.809558 0.555384 0.028531 0.036064
0 0.850927 0.554353 0.024964 0.039155
0 0.861448 0.533230 0.027461 0.039155
0 0.895685 0.557445 0.029601 0.037094
0 0.937411 0.578568 0.031027 0.044307
0 0.963980 0.546625 0.027104 0.040185
