0 0.111025 0.509259 0.016191 0.037723
0 0.124325 0.516118 0.020432 0.039095
0 0.148034 0.492798 0.023130 0.034979
0 0.168273 0.517490 0.023516 0.032236
0 0.189090 0.510974 0.020432 0.039781
0 0.209136 0.514403 0.021974 0.041152
0 0.236507 0.495199 0.024287 0.034294
0 0.263493 0.499314 0.022745 0.037037
0 0.283346 0.526063 0.021588 0.043896
0 0.307826 0.524691 0.023516 0.035665
0 0.329029 0.510631 0.024287 0.036351
0 0.352737 0.535665 0.023130 0.039781
0 0.374325 0.536351 0.022359 0.037037
0 0.363146 0.481139 0.023901 0.041838
0 0.380879 0.501715 0.021588 0.039095
0 0.406515 0.516118 0.021974 0.041838
0 0.425598 0.526749 0.025443 0.038409
0 0.454318 0.551097 0.025058 0.044582
0 0.478797 0.556241 0.019275 0.043896
0 0.500386 0.550754 0.019275 0.042524
0 0.527371 0.525377 0.022359 0.037037
0 0.544911 0.550069 0.018119 0.041152
0 0.573824 0.527092 0.025058 0.036351
0 0.596955 0.527778 0.021203 0.036351
0 0.618543 0.540123 0.021974 0.040466
0 0.640902 0.552126 0.024287 0.041152
0 0.662683 0.549040 0.022359 0.036351
0 0.682537 0.547325 0.021203 0.038409
0 0.706823 0.549383 0.024287 0.035665
0 0.727641 0.541838 0.020432 0.032922
0 0.748651 0.557613 0.025443 0.035665
0 0.750578 0.522977 0.023130 0.041838
0 0.773709 0.551783 0.022359 0.043210
0 0.797417 0.568244 0.024287 0.032236
0 0.829800 0.570988 0.019661 0.037723
0 0.840208 0.546296 0.020432 0.040466
0 0.866808 0.572016 0.025058 0.032922
0 0.899190 0.599794 0.022745 0.044582
