0 0.226807 0.518229 0.019043 0.022135
0 0.256592 0.513997 0.016113 0.022786
0 0.277100 0.528320 0.019043 0.025391
0 0.295654 0.521159 0.017090 0.020182
0 0.312256 0.511719 0.016113 0.018229
0 0.322266 0.520508 0.016602 0.020182
0 0.341797 0.522786 0.015625 0.020833
0 0.357178 0.518229 0.016113 0.024740
0 0.373291 0.504232 0.019043 0.022786
0 0.373047 0.523438 0.015625 0.018229
0 0.387451 0.517253 0.013184 0.018880
0 0.402344 0.518880 0.015625 0.019531
0 0.417725 0.520833 0.014160 0.022135
0 0.430420 0.524740 0.015137 0.022135
0 0.447754 0.524740 0.014648 0.022135
0 0.461182 0.521159 0.013184 0.022786
0 0.475342 0.517578 0.015137 0.019531
0 0.492188 0.516602 0.017578 0.018880
0 0.507568 0.532227 0.013184 0.022786
0 0.520508 0.521484 0.015625 0.020833
0 0.545410 0.528646 0.014648 0.023438
0 0.558594 0.532878 0.012695 0.022786
0 0.575684 0.531576 0.016602 0.022786
0 0.595947 0.518880 0.014160 0.020833
0 0.607666 0.518880 0.009277 0.019531
0 0.625000 0.510417 0.014648 0.022135
0 0.635742 0.504232 0.015625 0.022786
0 0.627441 0.530924 0.017578 0.021484
0 0.642822 0.529622 0.015137 0.025391
0 0.659912 0.518555 0.016113 0.018880
0 0.670898 0.528646 0.014648 0.019531
0 0.687012 0.531576 0.014648 0.022786
0 0.700439 0.518880 0.015137 0.019531
0 0.717773 0.517253 0.018555 0.021484
0 0.736084 0.528971 0.015137 0.020182
0 0.747314 0.529297 0.013184 0.026042
0 0.760742 0.533854 0.014648 0.019531
0 0.774902 0.522786 0.014648 0.020833
0 0.792480 0.536133 0.017578 0.022786
