0 0.202393 0.465820 0.018066 0.020182
0 0.231689 0.462240 0.016113 0.023438
0 0.252197 0.480469 0.020020 0.023438
0 0.271973 0.471029 0.018555 0.021484
0 0.291016 0.461589 0.018555 0.020833
0 0.298828 0.471354 0.016602 0.022135
0 0.320312 0.473633 0.016602 0.021484
0 0.336914 0.467773 0.016602 0.021484
0 0.352539 0.473633 0.017578 0.018880
0 0.353027 0.454427 0.017578 0.020833
0 0.368408 0.468099 0.014160 0.019531
0 0.382812 0.470703 0.016602 0.018229
0 0.398926 0.473307 0.014648 0.022135
0 0.412109 0.476562 0.017578 0.019531
0 0.429688 0.478841 0.016602 0.021484
0 0.443604 0.475260 0.014160 0.020833
0 0.458496 0.471354 0.014648 0.020833
0 0.475342 0.471680 0.017090 0.020182
0 0.492676 0.486654 0.013672 0.021484
0 0.505859 0.476562 0.016602 0.020833
0 0.529297 0.486979 0.015625 0.024740
0 0.543213 0.492839 0.015137 0.022135
0 0.560303 0.490560 0.018066 0.025391
0 0.581055 0.481120 0.016602 0.022135
0 0.593506 0.477539 0.011230 0.024089
0 0.611816 0.471354 0.014648 0.020833
0 0.614014 0.491536 0.017090 0.019531
0 0.628906 0.490560 0.014648 0.022786
0 0.622803 0.463216 0.014160 0.022786
0 0.646973 0.481120 0.016602 0.019531
0 0.659424 0.489909 0.016113 0.020182
0 0.674561 0.493164 0.015137 0.022786
0 0.689697 0.481445 0.018066 0.018880
0 0.707520 0.480794 0.017578 0.018880
0 0.725830 0.492188 0.017090 0.022135
0 0.738281 0.491211 0.012695 0.018880
0 0.751221 0.495443 0.016113 0.019531
0 0.764893 0.486328 0.017090 0.020833
0 0.782959 0.500000 0.019043 0.022135
