0 0.193115 0.493164 0.020996 0.022786
0 0.223633 0.488932 0.017578 0.024740
0 0.242920 0.507812 0.018066 0.024740
0 0.263428 0.498047 0.018066 0.020833
0 0.282471 0.487305 0.018066 0.021484
0 0.290283 0.498698 0.017090 0.022135
0 0.311523 0.500977 0.016602 0.020182
0 0.328369 0.495768 0.017090 0.021484
0 0.343750 0.500326 0.017578 0.017578
0 0.343750 0.481445 0.017578 0.020182
0 0.358887 0.494792 0.014648 0.018229
0 0.373779 0.498698 0.017090 0.018229
0 0.390137 0.500000 0.013672 0.020833
0 0.402832 0.503581 0.015625 0.021484
0 0.419678 0.505534 0.016113 0.022786
0 0.434570 0.501953 0.014648 0.022135
0 0.448730 0.497721 0.015625 0.020182
0 0.465088 0.497070 0.016113 0.021484
0 0.482178 0.512695 0.013184 0.021484
0 0.494873 0.501953 0.015137 0.020833
0 0.518311 0.515299 0.014160 0.022786
0 0.532227 0.519206 0.013672 0.024089
0 0.549805 0.519206 0.015625 0.024089
0 0.570068 0.508789 0.016113 0.022786
0 0.581543 0.505208 0.010742 0.022135
0 0.599854 0.498698 0.013184 0.020833
0 0.602051 0.518555 0.016602 0.017578
0 0.616699 0.518229 0.014648 0.022135
0 0.609863 0.490885 0.014648 0.022135
0 0.634033 0.507812 0.017090 0.020833
0 0.646240 0.517253 0.016113 0.020182
0 0.661377 0.519857 0.015137 0.022786
0 0.674561 0.508464 0.015137 0.019531
0 0.692627 0.508138 0.017090 0.018880
0 0.710449 0.518880 0.014648 0.020833
0 0.721680 0.520182 0.013672 0.022135
0 0.734619 0.525065 0.015137 0.020182
0 0.749268 0.512044 0.017090 0.022786
0 0.766602 0.526042 0.019531 0.022135
