0 0.091797 0.440430 0.027344 0.017578
0 0.134115 0.437500 0.023438 0.018555
0 0.165039 0.454346 0.025391 0.018066
0 0.192057 0.444824 0.026042 0.015625
0 0.217773 0.434814 0.024089 0.017090
0 0.231120 0.445068 0.022135 0.017090
0 0.260417 0.445557 0.023438 0.016113
0 0.283529 0.440186 0.022786 0.017090
0 0.305664 0.444336 0.024089 0.014648
0 0.304688 0.429199 0.024740 0.015625
0 0.326497 0.439453 0.021484 0.014648
0 0.347656 0.443115 0.022135 0.017090
0 0.370443 0.443359 0.019531 0.015625
0 0.388021 0.445312 0.022135 0.016602
0 0.412109 0.447998 0.022135 0.019043
0 0.432617 0.445068 0.020182 0.017090
0 0.453125 0.440186 0.020833 0.016113
0 0.475260 0.441162 0.023438 0.016113
0 0.498047 0.452148 0.018229 0.015625
0 0.516602 0.443848 0.020182 0.016602
0 0.553385 0.455322 0.020833 0.018066
0 0.572266 0.459229 0.018229 0.018066
0 0.595703 0.457764 0.024740 0.018066
0 0.625326 0.450195 0.022786 0.015625
0 0.639974 0.446045 0.016927 0.016113
0 0.666016 0.441162 0.019531 0.016113
0 0.679036 0.433838 0.019531 0.017090
0 0.669271 0.456055 0.022135 0.014648
0 0.688477 0.454834 0.020182 0.017090
0 0.712891 0.447510 0.022135 0.015137
0 0.728516 0.453857 0.019531 0.015137
0 0.749674 0.455566 0.020182 0.017578
0 0.767904 0.445801 0.020182 0.014648
0 0.794596 0.445557 0.022786 0.014160
0 0.818359 0.454590 0.019531 0.015625
0 0.833659 0.453125 0.017578 0.014648
0 0.850586 0.456299 0.020182 0.015137
0 0.870768 0.448486 0.022786 0.015137
0 0.892578 0.457764 0.024740 0.018066
