0 0.115560 0.452148 0.024089 0.017578
0 0.157227 0.449707 0.022786 0.016602
0 0.182617 0.462891 0.025391 0.017578
0 0.209635 0.456543 0.023438 0.015625
0 0.233398 0.448486 0.024089 0.016113
0 0.245117 0.457031 0.021484 0.016602
0 0.272461 0.459229 0.022786 0.015137
0 0.294271 0.455078 0.023438 0.016602
0 0.316081 0.444824 0.022786 0.015625
0 0.316406 0.458984 0.022135 0.014648
0 0.335938 0.455078 0.020833 0.014648
0 0.355469 0.458252 0.022135 0.014160
0 0.375977 0.459473 0.018880 0.015625
0 0.393229 0.462402 0.020833 0.013672
0 0.415690 0.463623 0.020182 0.016113
0 0.434896 0.461182 0.019531 0.015137
0 0.454427 0.457520 0.020833 0.014648
0 0.476237 0.458008 0.020182 0.014648
0 0.497396 0.468994 0.018229 0.016113
0 0.514648 0.461426 0.021484 0.014648
0 0.547526 0.469971 0.019531 0.018066
0 0.565755 0.474121 0.019531 0.016602
0 0.587565 0.471680 0.020182 0.017578
0 0.615885 0.465332 0.022135 0.014648
0 0.631185 0.462891 0.013672 0.016602
0 0.655599 0.458008 0.018229 0.015625
0 0.657227 0.472900 0.021484 0.013184
0 0.669596 0.452393 0.018880 0.017090
0 0.677734 0.472168 0.018229 0.017578
0 0.699544 0.465332 0.021484 0.014648
0 0.716146 0.471924 0.019531 0.014160
0 0.736328 0.474121 0.018229 0.015625
0 0.755534 0.464844 0.021484 0.013672
0 0.778646 0.465576 0.020833 0.014160
0 0.802409 0.473145 0.020182 0.014648
0 0.818359 0.472656 0.016927 0.014648
0 0.834310 0.477051 0.020182 0.012695
0 0.852539 0.468262 0.021484 0.017578
0 0.875977 0.479492 0.024089 0.015625
