0 0.193115 0.475586 0.018066 0.022786
0 0.221191 0.470703 0.016602 0.023438
0 0.235840 0.486003 0.017578 0.024089
0 0.259033 0.477214 0.017090 0.019531
0 0.279297 0.465169 0.015625 0.018880
0 0.283691 0.476237 0.015625 0.021484
0 0.307373 0.477865 0.016113 0.019531
0 0.322754 0.470052 0.015625 0.022135
0 0.338867 0.456055 0.017578 0.022786
0 0.339600 0.474935 0.017090 0.017578
0 0.354492 0.469076 0.012695 0.017578
0 0.366699 0.470378 0.015625 0.018880
0 0.386230 0.472331 0.014648 0.021484
0 0.399414 0.475911 0.014648 0.020833
0 0.414307 0.475260 0.015137 0.022135
0 0.428955 0.472331 0.015137 0.021484
0 0.444824 0.466797 0.016602 0.018229
0 0.460205 0.466146 0.017090 0.019531
0 0.480225 0.480469 0.013184 0.022135
0 0.492920 0.467448 0.015137 0.022135
0 0.510254 0.478190 0.014648 0.024089
0 0.525391 0.483724 0.014648 0.023438
0 0.542236 0.481120 0.018066 0.023438
0 0.561279 0.469076 0.017090 0.021484
0 0.576172 0.465820 0.012695 0.022786
0 0.594971 0.456706 0.014160 0.021484
0 0.597900 0.477214 0.017090 0.019531
0 0.612793 0.475586 0.014648 0.024089
0 0.607422 0.448568 0.015625 0.023438
0 0.631104 0.464518 0.018066 0.020182
0 0.645264 0.473307 0.017090 0.020833
0 0.662354 0.475911 0.015137 0.023438
0 0.676270 0.462565 0.015625 0.021484
0 0.695801 0.460612 0.017578 0.020182
0 0.715576 0.470052 0.018066 0.023438
0 0.728027 0.470378 0.014648 0.020182
0 0.742432 0.474935 0.016113 0.020182
0 0.756592 0.461589 0.017090 0.023438
0 0.777344 0.476237 0.021484 0.024089
