0 0.231445 0.585612 0.018555 0.021484
0 0.259766 0.581380 0.015625 0.022135
0 0.280273 0.596029 0.017578 0.022786
0 0.299561 0.587891 0.017090 0.020833
0 0.316406 0.578451 0.015625 0.020182
0 0.325439 0.587891 0.015137 0.020833
0 0.345215 0.589193 0.015625 0.020833
0 0.361328 0.583984 0.015625 0.022135
0 0.376709 0.589193 0.016113 0.018229
0 0.376465 0.570964 0.016602 0.018229
0 0.391113 0.583008 0.014648 0.017578
0 0.405518 0.585938 0.016113 0.019531
0 0.420898 0.587240 0.012695 0.020833
0 0.433105 0.589518 0.014648 0.021484
0 0.450684 0.590495 0.015625 0.022135
0 0.464111 0.587565 0.014160 0.018880
0 0.478271 0.583333 0.014160 0.018229
0 0.494141 0.582031 0.015625 0.019531
0 0.509521 0.596680 0.013184 0.021484
0 0.523193 0.586589 0.015137 0.019531
0 0.547607 0.594401 0.014160 0.022135
0 0.561279 0.598633 0.013184 0.021484
0 0.577393 0.597331 0.016113 0.024089
0 0.597412 0.584961 0.015137 0.018880
0 0.609375 0.583984 0.009766 0.020833
0 0.626953 0.576172 0.013672 0.019531
0 0.635986 0.569987 0.015137 0.021484
0 0.628906 0.594727 0.015625 0.018880
0 0.643555 0.594727 0.013672 0.021484
0 0.659912 0.584310 0.016113 0.018880
0 0.671875 0.593750 0.014648 0.019531
0 0.687256 0.596029 0.013184 0.021484
0 0.700684 0.583984 0.016602 0.019531
0 0.718018 0.583333 0.016113 0.018229
0 0.736328 0.594076 0.014648 0.018880
0 0.747314 0.592773 0.013184 0.018880
0 0.759766 0.598633 0.015625 0.016276
0 0.773438 0.587891 0.014648 0.018229
0 0.791260 0.599935 0.019043 0.021484
