0 0.215576 0.419271 0.020020 0.023438
0 0.244629 0.414388 0.017578 0.024089
0 0.265137 0.433919 0.017578 0.022786
0 0.283691 0.422526 0.017578 0.019531
0 0.300781 0.409831 0.015625 0.021484
0 0.309814 0.421549 0.015137 0.021484
0 0.330322 0.422201 0.017090 0.021484
0 0.346436 0.414714 0.016113 0.023438
0 0.361328 0.402018 0.017578 0.020182
0 0.361328 0.419922 0.016602 0.018229
0 0.375977 0.413411 0.014648 0.018229
0 0.390625 0.417969 0.016602 0.019531
0 0.406738 0.417318 0.012695 0.020833
0 0.419434 0.419596 0.014648 0.020182
0 0.436523 0.422852 0.015625 0.021484
0 0.449707 0.418945 0.014648 0.018880
0 0.463867 0.412435 0.014648 0.020182
0 0.479736 0.412109 0.016113 0.020833
0 0.496826 0.425130 0.013184 0.022135
0 0.509277 0.415039 0.014648 0.020182
0 0.533936 0.429362 0.014160 0.022786
0 0.547852 0.432943 0.013672 0.022135
0 0.564209 0.431315 0.017090 0.024089
0 0.584473 0.420898 0.016602 0.021484
0 0.595703 0.415690 0.011719 0.021484
0 0.613770 0.409180 0.014648 0.021484
0 0.616455 0.427083 0.015137 0.019531
0 0.630371 0.426758 0.014648 0.022786
0 0.624023 0.399089 0.014648 0.023438
0 0.647461 0.416341 0.016602 0.018880
0 0.659668 0.423828 0.014648 0.019531
0 0.674561 0.425781 0.014160 0.023438
0 0.688477 0.413086 0.015625 0.018880
0 0.706543 0.412435 0.016602 0.017578
0 0.724365 0.422526 0.015137 0.020833
0 0.735352 0.421549 0.013672 0.020182
0 0.747803 0.426432 0.015137 0.015625
0 0.762207 0.415039 0.016602 0.018880
0 0.779053 0.426432 0.018066 0.022135
