0 0.079753 0.456055 0.022786 0.015625
0 0.118815 0.457031 0.020182 0.015625
0 0.127930 0.471436 0.020182 0.017090
0 0.163086 0.465820 0.022786 0.013672
0 0.190104 0.457031 0.016927 0.011719
0 0.193359 0.468018 0.019531 0.015137
0 0.225911 0.468994 0.022135 0.015137
0 0.248047 0.466064 0.019531 0.016113
0 0.269857 0.471680 0.021484 0.013672
0 0.268880 0.456543 0.022135 0.016602
0 0.292318 0.467529 0.020833 0.013184
0 0.305990 0.471680 0.023438 0.014648
0 0.332357 0.473145 0.018880 0.017578
0 0.349935 0.477051 0.017578 0.014648
0 0.365885 0.480469 0.022135 0.016602
0 0.389323 0.479004 0.020833 0.016602
0 0.412109 0.475586 0.018229 0.014648
0 0.431641 0.477295 0.023438 0.014160
0 0.458659 0.489014 0.017578 0.017090
0 0.474609 0.481934 0.019531 0.015625
0 0.490560 0.493652 0.022786 0.017578
0 0.511719 0.498535 0.020833 0.017578
0 0.534180 0.498535 0.024089 0.017578
0 0.560547 0.492676 0.026042 0.015625
0 0.582682 0.490967 0.022135 0.015137
0 0.608073 0.485596 0.022135 0.017090
0 0.611654 0.501709 0.024089 0.015137
0 0.634115 0.502930 0.020833 0.017578
0 0.629557 0.480957 0.022135 0.017578
0 0.658854 0.496094 0.024740 0.016602
0 0.679362 0.503418 0.022786 0.016602
0 0.704102 0.507080 0.021484 0.018066
0 0.724935 0.497803 0.021484 0.016113
0 0.750977 0.499756 0.025391 0.015137
0 0.776693 0.510254 0.023438 0.014648
0 0.797201 0.510254 0.021484 0.015625
0 0.817383 0.516113 0.024089 0.015625
0 0.838867 0.507568 0.024089 0.017090
0 0.860352 0.518799 0.021484 0.016113
0 0.877604 0.518555 0.018229 0.018555
