0 0.268723 0.651974 0.013195 0.028947
0 0.299929 0.659868 0.012126 0.023684
0 0.315977 0.656579 0.012126 0.030263
0 0.341298 0.660197 0.012839 0.024342
0 0.352532 0.655921 0.010342 0.030263
0 0.368759 0.649671 0.013552 0.025658
0 0.380528 0.631908 0.014265 0.025658
0 0.385342 0.654605 0.013195 0.023684
0 0.411198 0.652303 0.012839 0.030921
0 0.424572 0.654934 0.014622 0.032237
0 0.444187 0.651974 0.013909 0.028947
0 0.462732 0.649671 0.011769 0.026974
0 0.475214 0.648684 0.013195 0.028947
0 0.497325 0.654934 0.015335 0.032237
0 0.517118 0.653289 0.014979 0.032895
0 0.529957 0.667434 0.016405 0.034868
0 0.538873 0.651645 0.017118 0.029605
0 0.568117 0.646711 0.014979 0.028947
0 0.576676 0.654934 0.014979 0.034868
0 0.604315 0.659539 0.013195 0.030921
0 0.615371 0.661842 0.016762 0.031579
0 0.631241 0.665461 0.014979 0.037500
0 0.649964 0.659868 0.018902 0.030263
0 0.672611 0.666776 0.019971 0.032237
0 0.693474 0.670066 0.015335 0.037500
0 0.710414 0.669079 0.017832 0.031579
0 0.727710 0.667763 0.018188 0.031579
0 0.747682 0.672039 0.019615 0.034868
0 0.769080 0.666118 0.020328 0.036184
0 0.791013 0.659211 0.017832 0.036842
0 0.807418 0.668421 0.020685 0.032895
0 0.825785 0.653289 0.018188 0.036842
0 0.872147 0.646053 0.018902 0.032895
