0 0.161877 0.591353 0.016906 0.033835
0 0.198436 0.597368 0.016484 0.027820
0 0.221682 0.594737 0.016484 0.034586
0 0.252536 0.599624 0.016484 0.029323
0 0.268597 0.595489 0.014793 0.033083
0 0.288673 0.585714 0.016906 0.031579
0 0.303677 0.565414 0.019019 0.028571
0 0.311919 0.590226 0.018597 0.030075
0 0.343829 0.589098 0.017329 0.032331
0 0.365596 0.590977 0.019442 0.039098
0 0.389476 0.588722 0.019019 0.034586
0 0.412722 0.581579 0.017329 0.033835
0 0.430685 0.581203 0.018597 0.034586
0 0.467033 0.582331 0.016906 0.032331
0 0.472739 0.598496 0.019019 0.037594
0 0.495985 0.595865 0.018174 0.039850
0 0.509510 0.620301 0.021555 0.039098
0 0.524725 0.599248 0.020710 0.036090
0 0.556213 0.595489 0.018597 0.034586
0 0.569104 0.605639 0.019865 0.041353
0 0.603339 0.601880 0.019019 0.041353
0 0.618977 0.596617 0.022401 0.035338
0 0.639687 0.597368 0.020710 0.042857
0 0.665258 0.585338 0.023669 0.035338
0 0.692730 0.586466 0.021978 0.039098
0 0.722105 0.582707 0.020710 0.043609
0 0.746196 0.568421 0.025782 0.037594
0 0.771133 0.580451 0.025782 0.036090
0 0.795013 0.630451 0.026205 0.039850
0 0.819315 0.645489 0.024091 0.038346
0 0.842561 0.658271 0.024937 0.039850
0 0.866230 0.680451 0.025782 0.045113
0 0.892223 0.700000 0.027050 0.043609
0 0.916737 0.725188 0.025359 0.039850
