0 0.078616 0.349617 0.022178 0.032961
0 0.118007 0.349617 0.020192 0.037669
0 0.127110 0.385521 0.019861 0.041201
0 0.161867 0.371984 0.021847 0.031783
0 0.189838 0.349323 0.018206 0.032372
0 0.192982 0.376986 0.017213 0.035903
0 0.225588 0.380812 0.020192 0.031783
0 0.245614 0.371984 0.017213 0.036492
0 0.268785 0.351677 0.020523 0.037081
0 0.269116 0.385815 0.021847 0.031195
0 0.291956 0.375809 0.019861 0.031195
0 0.303707 0.385815 0.020192 0.030018
0 0.332837 0.391701 0.018868 0.035903
0 0.350215 0.398470 0.019199 0.031783
0 0.365773 0.405533 0.021185 0.040024
0 0.388448 0.402884 0.021516 0.037081
0 0.410791 0.396410 0.019861 0.033549
0 0.430156 0.398175 0.022178 0.031195
0 0.457464 0.427310 0.018537 0.036492
0 0.474181 0.411418 0.020192 0.030606
0 0.489738 0.438788 0.021516 0.040612
0 0.511255 0.449088 0.019530 0.041201
0 0.534426 0.449971 0.022178 0.041789
0 0.560245 0.435845 0.023502 0.034726
0 0.582589 0.430547 0.021185 0.037081
0 0.608077 0.419659 0.019861 0.038846
0 0.612546 0.456151 0.021516 0.035315
0 0.632903 0.459682 0.020523 0.038846
0 0.629427 0.407887 0.023502 0.041201
0 0.658060 0.444379 0.023833 0.035315
0 0.679742 0.462036 0.022178 0.036492
0 0.704237 0.471160 0.020854 0.040612
0 0.724760 0.447616 0.020192 0.035903
0 0.750745 0.452031 0.023171 0.035315
0 0.777061 0.476457 0.022840 0.035903
0 0.796425 0.478222 0.021847 0.030018
0 0.816948 0.490583 0.022509 0.030018
0 0.838133 0.471160 0.023171 0.039435
0 0.860311 0.500000 0.019199 0.035903
0 0.876696 0.499411 0.016882 0.039435
