0 0.116761 0.509717 0.023518 0.033569
0 0.157171 0.502945 0.020205 0.037691
0 0.182511 0.536219 0.023186 0.038280
0 0.208844 0.519140 0.023518 0.032391
0 0.233852 0.500883 0.022524 0.037102
0 0.244783 0.520024 0.020537 0.037691
0 0.273269 0.525913 0.021862 0.032980
0 0.294303 0.515312 0.020205 0.037691
0 0.315999 0.525029 0.022524 0.031213
0 0.315833 0.492049 0.022193 0.034747
0 0.335542 0.514429 0.019874 0.031213
0 0.354919 0.522968 0.022855 0.034158
0 0.377112 0.526207 0.018218 0.034747
0 0.394336 0.532391 0.020205 0.030624
0 0.417522 0.535041 0.020868 0.038280
0 0.435740 0.530330 0.018880 0.033569
0 0.455118 0.522085 0.020537 0.031213
0 0.476317 0.522674 0.022524 0.033569
0 0.498344 0.549470 0.017555 0.035336
0 0.516396 0.530919 0.018549 0.033569
0 0.549354 0.551531 0.019543 0.038280
0 0.566413 0.560660 0.017887 0.040047
0 0.588937 0.557126 0.021862 0.038869
0 0.617257 0.540931 0.020868 0.034747
0 0.632163 0.535630 0.015568 0.034747
0 0.658993 0.557420 0.019543 0.032391
0 0.656343 0.522674 0.017555 0.032391
0 0.669924 0.509717 0.018880 0.038280
0 0.677873 0.556243 0.018880 0.038280
0 0.701226 0.539753 0.019874 0.032391
0 0.716794 0.555948 0.019874 0.032980
0 0.737496 0.560954 0.017555 0.037102
0 0.755879 0.540047 0.019874 0.031802
0 0.780060 0.539458 0.021199 0.032980
0 0.804240 0.558893 0.018549 0.034158
0 0.818483 0.558009 0.018549 0.031213
0 0.835045 0.570082 0.018549 0.029446
0 0.854091 0.548292 0.020205 0.036514
0 0.874959 0.572733 0.018218 0.037102
