0 0.057352 0.489225 0.027714 0.030272
0 0.100462 0.483581 0.023095 0.033350
0 0.126443 0.511031 0.026559 0.034890
0 0.160893 0.494613 0.026174 0.029759
0 0.189376 0.476655 0.024634 0.031811
0 0.199962 0.493586 0.021940 0.033864
0 0.234411 0.496665 0.025404 0.025654
0 0.258661 0.486147 0.022325 0.032324
0 0.282910 0.493586 0.024634 0.026680
0 0.283487 0.465367 0.025789 0.030785
0 0.307352 0.484607 0.022710 0.027193
0 0.326982 0.489482 0.025019 0.027707
0 0.354503 0.491021 0.021555 0.030785
0 0.374904 0.496408 0.023095 0.025141
0 0.398576 0.497691 0.024249 0.035916
0 0.421286 0.491791 0.022710 0.031298
0 0.444573 0.484094 0.025404 0.028220
0 0.469977 0.484607 0.026174 0.029246
0 0.498075 0.505900 0.020785 0.030785
0 0.517898 0.488969 0.023480 0.027707
0 0.550231 0.508209 0.021170 0.034377
0 0.572941 0.514879 0.021170 0.033350
0 0.598730 0.512314 0.026559 0.034377
0 0.630870 0.495639 0.025404 0.031811
0 0.650693 0.489995 0.021170 0.032837
0 0.679754 0.477681 0.021555 0.032837
0 0.683795 0.508722 0.024249 0.029246
0 0.707275 0.506670 0.022710 0.033350
0 0.698037 0.465880 0.024249 0.033864
0 0.734604 0.491534 0.026559 0.029759
0 0.755966 0.505387 0.023095 0.030785
0 0.781178 0.509492 0.021940 0.033864
0 0.803118 0.488199 0.024249 0.028220
0 0.832564 0.487943 0.026174 0.030785
0 0.862009 0.504361 0.023480 0.031811
0 0.881832 0.502565 0.022325 0.030272
0 0.902810 0.512057 0.025019 0.026680
0 0.925905 0.493330 0.025019 0.030272
0 0.950924 0.513853 0.021940 0.029246
