0 0.040220 0.488707 0.027096 0.031056
0 0.087426 0.479673 0.022439 0.036702
0 0.121719 0.516093 0.026672 0.035008
0 0.150085 0.494918 0.026672 0.029927
0 0.177392 0.474308 0.025402 0.031621
0 0.193268 0.495200 0.022439 0.032750
0 0.225233 0.496047 0.024555 0.027668
0 0.250847 0.485037 0.024979 0.033879
0 0.275402 0.491813 0.024979 0.025974
0 0.274555 0.462733 0.026672 0.031056
0 0.298476 0.480519 0.022862 0.027103
0 0.321550 0.490401 0.024979 0.026539
0 0.347375 0.488707 0.020745 0.029927
0 0.367909 0.492377 0.024555 0.027103
0 0.396063 0.498871 0.024979 0.034444
0 0.417019 0.490401 0.022015 0.028797
0 0.439881 0.481366 0.023709 0.028797
0 0.465919 0.482496 0.024979 0.027668
0 0.491321 0.500847 0.019898 0.031621
0 0.511854 0.485319 0.022862 0.028797
0 0.552710 0.511858 0.021592 0.033315
0 0.573666 0.518069 0.022015 0.031056
0 0.600550 0.515528 0.025826 0.035008
0 0.634208 0.501976 0.025402 0.030491
0 0.649450 0.490966 0.020322 0.031056
0 0.680779 0.481649 0.021169 0.031621
0 0.684166 0.511575 0.024555 0.030491
0 0.706816 0.510446 0.023285 0.033879
0 0.696232 0.466121 0.023285 0.035573
0 0.734335 0.494918 0.024979 0.028797
0 0.754022 0.505647 0.023709 0.028797
0 0.778154 0.508470 0.021169 0.034444
0 0.800169 0.488707 0.023709 0.027668
0 0.828959 0.488707 0.025402 0.027668
0 0.857324 0.505929 0.023709 0.028233
0 0.874894 0.502259 0.022439 0.026539
0 0.895428 0.510446 0.023709 0.023715
0 0.918290 0.493789 0.024555 0.029927
0 0.942210 0.514399 0.020745 0.030491
