0 0.076433 0.539980 0.026227 0.029485
0 0.121394 0.533733 0.023979 0.032984
0 0.151368 0.555472 0.026227 0.035482
0 0.179281 0.543978 0.025103 0.028486
0 0.205508 0.530485 0.023604 0.030485
0 0.219371 0.543228 0.020607 0.031984
0 0.249719 0.546477 0.024354 0.029485
0 0.274073 0.537981 0.022855 0.030485
0 0.297302 0.545477 0.024354 0.025487
0 0.298052 0.517741 0.024354 0.029985
0 0.320157 0.537481 0.020607 0.025487
0 0.340952 0.539480 0.022480 0.028486
0 0.365305 0.543978 0.019483 0.029485
0 0.384226 0.548226 0.022855 0.028986
0 0.410266 0.548726 0.023230 0.032984
0 0.430498 0.544728 0.022480 0.029985
0 0.452229 0.538231 0.021731 0.027986
0 0.476208 0.537731 0.025478 0.026987
0 0.500375 0.560720 0.020607 0.028986
0 0.520045 0.544228 0.022480 0.026987
0 0.557700 0.554973 0.020607 0.033483
0 0.577557 0.561719 0.019858 0.032984
0 0.603222 0.559470 0.025478 0.033483
0 0.634695 0.540480 0.023979 0.029485
0 0.650806 0.539730 0.018734 0.029985
0 0.679093 0.527236 0.020607 0.028986
0 0.693518 0.517991 0.020982 0.032484
0 0.682653 0.556222 0.022480 0.028986
0 0.704009 0.556222 0.021731 0.031984
0 0.729299 0.540480 0.022855 0.027486
0 0.747658 0.554223 0.022106 0.027986
0 0.771075 0.558971 0.021731 0.032484
0 0.791870 0.539980 0.022855 0.028486
0 0.818659 0.538731 0.024728 0.028986
0 0.846197 0.554473 0.022106 0.029485
0 0.863807 0.553723 0.020607 0.026987
0 0.883102 0.563218 0.022480 0.024988
0 0.903709 0.544978 0.023230 0.028486
0 0.927314 0.563718 0.020232 0.031984
