0 0.023382 0.424276 0.030063 0.034521
0 0.071816 0.415367 0.025052 0.037862
0 0.106889 0.450167 0.029228 0.037305
0 0.137996 0.429566 0.027975 0.030624
0 0.167223 0.408686 0.026305 0.033408
0 0.182255 0.429287 0.022965 0.034521
0 0.216493 0.429009 0.027140 0.030624
0 0.243215 0.418987 0.025470 0.035078
0 0.268476 0.395880 0.026722 0.033408
0 0.269102 0.425947 0.025470 0.027840
0 0.293946 0.414811 0.024217 0.027840
0 0.317954 0.422606 0.027140 0.031180
0 0.345094 0.422327 0.021294 0.031737
0 0.366597 0.425668 0.025052 0.029510
0 0.394572 0.430958 0.025052 0.035635
0 0.417537 0.422884 0.023382 0.031737
0 0.441754 0.413419 0.024217 0.029510
0 0.469311 0.414532 0.023382 0.029510
0 0.496033 0.435690 0.020877 0.032851
0 0.518372 0.418151 0.022965 0.028953
0 0.558873 0.441537 0.022965 0.034521
0 0.581628 0.447661 0.021712 0.034521
0 0.609186 0.445156 0.027557 0.038419
0 0.645303 0.428174 0.026305 0.030067
0 0.661795 0.418708 0.021712 0.031180
0 0.693528 0.407016 0.022547 0.033408
0 0.697077 0.439310 0.026305 0.031180
0 0.721086 0.437639 0.023382 0.032294
0 0.710230 0.391425 0.024217 0.037862
0 0.749896 0.420379 0.024217 0.031180
0 0.770355 0.433463 0.023382 0.031737
0 0.795825 0.435969 0.023382 0.034521
0 0.819415 0.414811 0.025470 0.030067
0 0.849478 0.413140 0.026305 0.028953
0 0.879958 0.430122 0.025470 0.033964
0 0.898747 0.428452 0.022965 0.029510
0 0.919833 0.436526 0.025052 0.026726
0 0.943633 0.417873 0.025887 0.032851
0 0.969311 0.438753 0.022129 0.032294
