0 0.037398 0.558671 0.024932 0.029076
0 0.076743 0.548287 0.021036 0.032191
0 0.092326 0.574507 0.024932 0.034787
0 0.128750 0.557373 0.023763 0.029595
0 0.157577 0.537124 0.022205 0.027518
0 0.163031 0.554517 0.020647 0.031153
0 0.199065 0.555036 0.023374 0.025961
0 0.220296 0.543094 0.020647 0.031153
0 0.244254 0.522586 0.022594 0.029595
0 0.245423 0.549844 0.024153 0.025961
0 0.267822 0.537124 0.020647 0.024403
0 0.283210 0.542316 0.023374 0.026480
0 0.315154 0.542835 0.019478 0.028557
0 0.333463 0.545950 0.020257 0.028557
0 0.352552 0.545431 0.023374 0.034787
0 0.376315 0.540498 0.024932 0.030114
0 0.401636 0.529855 0.021815 0.026480
0 0.423646 0.527778 0.026101 0.027518
0 0.457733 0.547248 0.020257 0.031153
0 0.474094 0.529855 0.021815 0.027518
0 0.495131 0.546729 0.024932 0.035306
0 0.520062 0.552700 0.021815 0.031672
0 0.544605 0.549065 0.026490 0.034787
0 0.573237 0.529855 0.027659 0.029595
0 0.598948 0.521288 0.024542 0.031153
0 0.626802 0.507269 0.024153 0.034268
0 0.633424 0.538422 0.024932 0.029076
0 0.649591 0.492991 0.026880 0.032710
0 0.657772 0.535826 0.025321 0.033229
0 0.685236 0.517394 0.027269 0.030633
0 0.710557 0.528297 0.026490 0.032710
0 0.739384 0.530893 0.024153 0.036864
0 0.761784 0.508307 0.026880 0.031153
0 0.791780 0.506231 0.028438 0.029076
0 0.825088 0.521028 0.027269 0.033749
0 0.847293 0.518432 0.024932 0.030633
0 0.871640 0.525441 0.026880 0.024922
0 0.894040 0.504154 0.028048 0.032191
0 0.923062 0.524922 0.022984 0.034268
0 0.942150 0.521807 0.019088 0.034268
