0 0.021523 0.436170 0.028974 0.047872
0 0.060637 0.477061 0.031043 0.048537
0 0.093750 0.461769 0.029387 0.039229
0 0.125621 0.442154 0.029387 0.043883
0 0.142177 0.465093 0.026076 0.045878
0 0.176945 0.475731 0.027732 0.037899
0 0.206747 0.465758 0.027732 0.045878
0 0.233651 0.479388 0.026904 0.035904
0 0.235513 0.440824 0.028974 0.041223
0 0.259727 0.470412 0.025248 0.036569
0 0.285596 0.481383 0.028146 0.038564
0 0.313742 0.487367 0.023179 0.042553
0 0.333816 0.497340 0.026076 0.035904
0 0.367136 0.502327 0.028146 0.043218
0 0.389694 0.498670 0.024421 0.039894
0 0.414321 0.491356 0.025662 0.037234
0 0.442260 0.494681 0.026076 0.037234
0 0.466267 0.527926 0.022765 0.041223
0 0.491101 0.510971 0.026076 0.037899
0 0.536424 0.536569 0.023179 0.043883
0 0.558154 0.549535 0.022765 0.041888
0 0.587127 0.548205 0.026076 0.045878
0 0.625414 0.533577 0.024834 0.037899
0 0.640522 0.527261 0.018626 0.039894
0 0.671978 0.517620 0.020281 0.039229
0 0.686672 0.504322 0.024007 0.045878
0 0.673427 0.556184 0.025662 0.040559
0 0.696606 0.558511 0.024007 0.042553
0 0.725579 0.541888 0.026490 0.034574
0 0.742757 0.562500 0.025248 0.038564
0 0.764901 0.569814 0.020695 0.041223
0 0.790149 0.548537 0.024834 0.035904
0 0.819743 0.549535 0.025248 0.039229
0 0.848303 0.574801 0.025248 0.037899
0 0.865273 0.575798 0.021937 0.035904
0 0.883899 0.589096 0.023593 0.030585
0 0.908320 0.568816 0.022765 0.037899
0 0.931291 0.596077 0.020695 0.037899
