0 0.071637 0.468399 0.027342 0.035440
0 0.115020 0.458063 0.024426 0.038393
0 0.147102 0.508565 0.027342 0.041347
0 0.175902 0.476373 0.025155 0.033668
0 0.203427 0.449498 0.025520 0.036621
0 0.216551 0.478441 0.021874 0.035440
0 0.248997 0.474306 0.024790 0.031896
0 0.271965 0.460425 0.021145 0.040756
0 0.296755 0.435027 0.025520 0.036031
0 0.296938 0.467218 0.025155 0.029533
0 0.319905 0.454223 0.022968 0.030715
0 0.341050 0.468104 0.023697 0.030124
0 0.366934 0.461016 0.019322 0.034849
0 0.386985 0.463969 0.022968 0.031305
0 0.411229 0.478145 0.023332 0.038393
0 0.433102 0.467218 0.021874 0.033077
0 0.454794 0.452156 0.022968 0.031305
0 0.479584 0.457472 0.025155 0.032487
0 0.504192 0.470762 0.020416 0.037803
0 0.524608 0.455405 0.021145 0.031896
0 0.560700 0.499705 0.022603 0.037803
0 0.581116 0.505021 0.020416 0.036621
0 0.607546 0.504135 0.024426 0.039575
0 0.639446 0.491435 0.024061 0.034259
0 0.655487 0.471943 0.021874 0.034259
0 0.684834 0.462788 0.020051 0.034849
0 0.699964 0.441229 0.022603 0.034259
0 0.687568 0.496161 0.023332 0.033077
0 0.710171 0.494389 0.021874 0.036621
0 0.737331 0.475783 0.022968 0.030124
0 0.755013 0.485233 0.022603 0.032487
0 0.777798 0.487005 0.020051 0.038393
0 0.799490 0.465151 0.021145 0.033668
0 0.827379 0.465151 0.023697 0.030124
0 0.855450 0.486415 0.023697 0.034849
0 0.873678 0.479327 0.017864 0.034849
0 0.891360 0.488777 0.022603 0.027761
0 0.913598 0.468104 0.023332 0.032487
0 0.936566 0.492321 0.021874 0.034849
0 0.945498 0.476669 0.017864 0.034259
