0 0.026701 0.507761 0.030609 0.034337
0 0.076197 0.500706 0.026701 0.039981
0 0.097851 0.532455 0.028330 0.043274
0 0.137415 0.516463 0.027353 0.033866
0 0.169000 0.496943 0.026050 0.036218
0 0.178932 0.517168 0.024422 0.037159
0 0.215891 0.522578 0.027353 0.031044
0 0.241452 0.510113 0.024422 0.036218
0 0.269131 0.487535 0.027027 0.039040
0 0.269619 0.521637 0.026050 0.031044
0 0.293878 0.511759 0.021817 0.031985
0 0.315044 0.516933 0.025725 0.032926
0 0.344676 0.521402 0.021817 0.036218
0 0.365516 0.527752 0.024422 0.031985
0 0.391403 0.529398 0.024748 0.039040
0 0.414849 0.523754 0.024096 0.036218
0 0.439108 0.516463 0.025725 0.031985
0 0.466135 0.517639 0.025725 0.035278
0 0.494790 0.545155 0.020514 0.033866
0 0.515142 0.525635 0.024748 0.031515
0 0.552263 0.544920 0.023445 0.038100
0 0.575383 0.553857 0.020840 0.039040
0 0.604038 0.551740 0.026050 0.042333
0 0.639368 0.534337 0.028981 0.035748
0 0.658255 0.528222 0.019863 0.034807
0 0.690003 0.515757 0.023445 0.036218
0 0.692608 0.550564 0.026050 0.034337
0 0.717030 0.551035 0.024096 0.038100
0 0.746662 0.532926 0.026050 0.031044
0 0.766851 0.550329 0.026050 0.033866
0 0.792413 0.555974 0.024422 0.039511
0 0.817649 0.532926 0.027353 0.032926
0 0.846955 0.533866 0.027353 0.033866
0 0.877401 0.553151 0.025073 0.035748
0 0.896125 0.552211 0.021491 0.035748
0 0.917616 0.562794 0.026701 0.028692
0 0.942364 0.542333 0.026701 0.034807
0 0.969065 0.566087 0.023445 0.037159
