0 0.099669 0.501178 0.023179 0.035336
0 0.136755 0.493816 0.019868 0.037102
0 0.154967 0.527091 0.021192 0.038869
0 0.182616 0.510012 0.023510 0.032980
0 0.207947 0.488810 0.020530 0.037691
0 0.215232 0.511779 0.017881 0.035336
0 0.243212 0.515018 0.020861 0.030035
0 0.263411 0.504711 0.018212 0.035336
0 0.285099 0.483216 0.021854 0.035925
0 0.284437 0.513840 0.021854 0.030035
0 0.304470 0.504711 0.020199 0.030624
0 0.320695 0.512956 0.023510 0.030624
0 0.342550 0.512956 0.017550 0.035336
0 0.358609 0.519435 0.018543 0.029446
0 0.378146 0.524735 0.019868 0.035336
0 0.396523 0.518551 0.019536 0.035925
0 0.416225 0.509717 0.019205 0.033569
0 0.436424 0.512956 0.019868 0.030624
0 0.459603 0.535041 0.015894 0.033569
0 0.475497 0.518846 0.018543 0.031802
0 0.497682 0.543581 0.018543 0.035336
0 0.516887 0.551826 0.017219 0.036514
0 0.536921 0.548881 0.020861 0.041225
0 0.562252 0.534158 0.019205 0.035336
0 0.579636 0.530035 0.017550 0.036514
0 0.602649 0.517962 0.017881 0.034747
0 0.618046 0.503534 0.020199 0.037691
0 0.605464 0.550059 0.020861 0.032980
0 0.624669 0.550353 0.019536 0.035925
0 0.646026 0.532980 0.020530 0.032980
0 0.664404 0.548881 0.019536 0.031802
0 0.685265 0.553592 0.018212 0.040047
0 0.702980 0.533569 0.019205 0.030624
0 0.726325 0.533569 0.022848 0.030624
0 0.749669 0.553592 0.020530 0.031802
0 0.765397 0.550353 0.018212 0.035925
0 0.783113 0.562426 0.019868 0.028269
0 0.801325 0.544464 0.021192 0.034747
0 0.820530 0.568316 0.017219 0.034158
0 0.833444 0.563899 0.013907 0.034747
