0 0.130838 0.461154 0.021862 0.027663
0 0.163133 0.456739 0.018218 0.034138
0 0.181517 0.500589 0.018549 0.033549
0 0.206028 0.475574 0.019212 0.028252
0 0.227890 0.453502 0.017224 0.030018
0 0.235343 0.481165 0.017555 0.031195
0 0.260682 0.477340 0.017887 0.027075
0 0.279397 0.469394 0.018880 0.031195
0 0.298112 0.474985 0.019212 0.024720
0 0.297615 0.448793 0.018218 0.026486
0 0.316330 0.464391 0.017887 0.027075
0 0.329911 0.477928 0.021862 0.025898
0 0.350447 0.472631 0.015899 0.030606
0 0.365187 0.477634 0.016231 0.027663
0 0.381749 0.491466 0.019543 0.032961
0 0.398973 0.483814 0.018218 0.029429
0 0.417026 0.472042 0.017224 0.027075
0 0.435243 0.477340 0.019874 0.025898
0 0.456443 0.491171 0.015237 0.027663
0 0.471017 0.479400 0.016562 0.026486
0 0.489897 0.519423 0.018549 0.031195
0 0.506128 0.525309 0.015899 0.030018
0 0.524677 0.526192 0.018549 0.032961
0 0.547035 0.518246 0.018218 0.028840
0 0.562604 0.503826 0.017555 0.031783
0 0.583637 0.498529 0.016562 0.028252
0 0.585624 0.524720 0.019212 0.026486
0 0.598543 0.478222 0.019874 0.030018
0 0.603345 0.524426 0.016893 0.034138
0 0.623054 0.510889 0.019874 0.027075
0 0.639119 0.520600 0.016893 0.028840
0 0.657834 0.524720 0.016562 0.030018
0 0.674561 0.507946 0.016231 0.027075
0 0.694932 0.509417 0.017224 0.025309
0 0.714309 0.527075 0.017555 0.028840
0 0.729877 0.523838 0.015568 0.029429
0 0.744617 0.532666 0.019212 0.025898
0 0.762007 0.517363 0.018880 0.029429
0 0.778900 0.539141 0.016893 0.028252
0 0.790990 0.529135 0.015899 0.032961
