0 0.082643 0.472631 0.025505 0.040024
0 0.124379 0.465274 0.020868 0.042966
0 0.138953 0.495586 0.024843 0.048264
0 0.176383 0.481165 0.024843 0.037081
0 0.205697 0.457916 0.022524 0.037669
0 0.211494 0.481754 0.022855 0.039435
0 0.245777 0.485580 0.025836 0.037669
0 0.269129 0.473514 0.020868 0.041789
0 0.293972 0.484697 0.024843 0.037081
0 0.315171 0.472631 0.017555 0.035315
0 0.333223 0.475574 0.024511 0.037669
0 0.361544 0.481754 0.021530 0.039435
0 0.380424 0.488817 0.019543 0.037081
0 0.400961 0.488523 0.022855 0.044732
0 0.424147 0.484991 0.024843 0.042378
0 0.446009 0.474985 0.022193 0.038846
0 0.469526 0.474691 0.024180 0.038258
0 0.498675 0.505003 0.020868 0.040024
0 0.516727 0.483814 0.020537 0.038846
0 0.542233 0.500294 0.021199 0.043555
0 0.563763 0.510889 0.019874 0.044732
0 0.588771 0.506769 0.025505 0.044732
0 0.618251 0.482637 0.024843 0.040024
0 0.640278 0.479400 0.021862 0.044144
0 0.667108 0.463214 0.022524 0.042378
0 0.671580 0.502943 0.024180 0.039435
0 0.695429 0.502354 0.023518 0.041789
0 0.685326 0.448793 0.027161 0.048852
0 0.722259 0.480871 0.028155 0.037669
0 0.743127 0.499411 0.024843 0.039435
0 0.769626 0.506474 0.021530 0.047675
0 0.790659 0.480283 0.025174 0.038846
0 0.820802 0.480283 0.027161 0.038846
0 0.850116 0.497646 0.024843 0.040612
0 0.869659 0.499706 0.024180 0.040024
0 0.891355 0.511183 0.025174 0.037081
0 0.912719 0.487640 0.026168 0.042966
0 0.938887 0.513243 0.022193 0.042378
0 0.954455 0.516775 0.012918 0.045909
