0 0.089823 0.320554 0.027526 0.036727
0 0.132742 0.323454 0.023542 0.041237
0 0.135820 0.362436 0.024629 0.044459
0 0.176929 0.353737 0.024991 0.037371
0 0.208258 0.333441 0.021731 0.034149
0 0.210431 0.364046 0.019558 0.036082
0 0.245744 0.371134 0.022818 0.037371
0 0.270011 0.364046 0.022093 0.038660
0 0.294096 0.342784 0.022456 0.041237
0 0.293010 0.380799 0.022456 0.036082
0 0.317820 0.371778 0.020645 0.036082
0 0.330496 0.384343 0.022093 0.039304
0 0.361825 0.394008 0.021731 0.040593
0 0.381384 0.405606 0.022456 0.036727
0 0.399493 0.413660 0.024629 0.043814
0 0.423578 0.412049 0.023542 0.040593
0 0.449294 0.406894 0.022093 0.038015
0 0.471025 0.412693 0.024991 0.034149
0 0.501449 0.449420 0.019196 0.043170
0 0.520464 0.431379 0.023904 0.036727
0 0.536581 0.461985 0.024991 0.046392
0 0.559580 0.476804 0.023180 0.045103
0 0.586201 0.479704 0.025715 0.048325
0 0.616262 0.465851 0.027164 0.038660
0 0.641796 0.463273 0.023904 0.043814
0 0.670953 0.454575 0.022818 0.045747
0 0.696306 0.445232 0.027164 0.046392
0 0.674393 0.497101 0.026078 0.043170
0 0.698479 0.504188 0.023542 0.045747
0 0.727816 0.489369 0.029337 0.041881
0 0.752083 0.511920 0.025715 0.041881
0 0.780695 0.524162 0.025715 0.047036
0 0.805505 0.502255 0.026802 0.041881
0 0.835024 0.509343 0.027888 0.041881
0 0.864723 0.539304 0.026440 0.039948
0 0.887541 0.544781 0.025715 0.039304
0 0.910359 0.562500 0.027164 0.036082
0 0.935893 0.543492 0.027526 0.045747
0 0.961608 0.577642 0.023904 0.044459
0 0.979717 0.581186 0.020283 0.043814
