0 0.107404 0.542894 0.018997 0.038995
0 0.148320 0.558059 0.019971 0.031196
0 0.176084 0.556326 0.018997 0.041594
0 0.210911 0.567591 0.019484 0.032929
0 0.228690 0.566724 0.018022 0.039861
0 0.253288 0.558925 0.019484 0.036395
0 0.272041 0.538562 0.022893 0.032062
0 0.279834 0.569324 0.020945 0.034662
0 0.316610 0.571924 0.020458 0.039861
0 0.339990 0.579723 0.021432 0.043328
0 0.367998 0.582322 0.021919 0.038128
0 0.395762 0.577556 0.018022 0.040728
0 0.415977 0.580156 0.021432 0.040728
0 0.456162 0.584922 0.019971 0.036395
0 0.462981 0.607886 0.022893 0.044194
0 0.489528 0.608752 0.020458 0.044194
0 0.505114 0.639081 0.025329 0.047660
0 0.523624 0.616984 0.024355 0.045061
0 0.560399 0.618718 0.022893 0.038128
0 0.575256 0.634749 0.020458 0.045927
0 0.612031 0.635182 0.021919 0.046794
0 0.632489 0.631282 0.024842 0.044194
0 0.655626 0.638648 0.023380 0.050260
0 0.685339 0.626950 0.028251 0.040728
0 0.717000 0.633882 0.025329 0.044194
0 0.750609 0.635615 0.026303 0.051127
0 0.779591 0.622184 0.028738 0.041594
0 0.808086 0.638648 0.028251 0.041594
0 0.830492 0.702340 0.030200 0.051127
0 0.857526 0.724437 0.029713 0.046794
0 0.885046 0.743501 0.030200 0.050260
0 0.909644 0.775130 0.029713 0.052860
0 0.940818 0.799393 0.027764 0.051127
0 0.965904 0.832322 0.028251 0.051127
