0 0.018079 0.234623 0.027605 0.044921
0 0.063958 0.244299 0.026050 0.046303
0 0.072123 0.288528 0.025272 0.049067
0 0.113919 0.279198 0.025661 0.040083
0 0.146773 0.258811 0.022162 0.038010
0 0.149106 0.291983 0.024495 0.042156
0 0.187208 0.303732 0.024495 0.040774
0 0.212286 0.297512 0.023328 0.043538
0 0.239891 0.277471 0.025661 0.043538
0 0.238530 0.316171 0.025272 0.039392
0 0.264580 0.309606 0.022162 0.037319
0 0.279160 0.324464 0.024883 0.040774
0 0.311625 0.337595 0.021384 0.043538
0 0.333204 0.350035 0.026439 0.036628
0 0.350505 0.361783 0.027605 0.046303
0 0.375972 0.361437 0.026439 0.042847
0 0.402605 0.358673 0.022939 0.042847
0 0.425739 0.366275 0.025661 0.040083
0 0.455871 0.405667 0.021384 0.046994
0 0.474922 0.388735 0.022939 0.042156
0 0.493585 0.425363 0.026050 0.049067
0 0.516719 0.444022 0.024106 0.049067
0 0.543546 0.448169 0.027216 0.051831
0 0.574456 0.439185 0.027605 0.044921
0 0.601672 0.436766 0.023717 0.045612
0 0.631610 0.428473 0.023717 0.046994
0 0.633942 0.473393 0.026827 0.044229
0 0.659409 0.479267 0.024883 0.051831
0 0.657465 0.418106 0.028771 0.048376
0 0.689152 0.470283 0.029938 0.043538
0 0.713064 0.492398 0.026439 0.044921
0 0.741641 0.508293 0.027605 0.050449
0 0.766135 0.484796 0.025272 0.047685
0 0.795879 0.496199 0.028771 0.042847
0 0.826594 0.531444 0.028771 0.042847
0 0.848561 0.534554 0.028383 0.040774
0 0.870529 0.554941 0.027216 0.035936
0 0.898717 0.537319 0.029938 0.047685
0 0.921656 0.573946 0.024495 0.044921
0 0.941096 0.577056 0.022162 0.045612
