0 0.036655 0.386364 0.024437 0.046811
0 0.066628 0.435889 0.027873 0.050882
0 0.101756 0.419267 0.027873 0.040706
0 0.132875 0.399254 0.026728 0.042741
0 0.146621 0.428765 0.024437 0.046133
0 0.181367 0.438602 0.027491 0.040027
0 0.209813 0.429104 0.027110 0.046811
0 0.237113 0.405699 0.029782 0.039349
0 0.235586 0.445726 0.027491 0.037992
0 0.261550 0.437585 0.023673 0.039349
0 0.284651 0.453528 0.027110 0.042741
0 0.311760 0.459973 0.022528 0.043419
0 0.331997 0.468114 0.024819 0.042062
0 0.360825 0.482022 0.025964 0.046811
0 0.383925 0.477612 0.024055 0.044776
0 0.408744 0.470488 0.024055 0.041384
0 0.434899 0.476934 0.024437 0.040706
0 0.459717 0.512890 0.021382 0.040706
0 0.482436 0.495590 0.024055 0.037313
0 0.521000 0.529172 0.022528 0.043419
0 0.542383 0.544776 0.021764 0.040706
0 0.569301 0.545455 0.025200 0.044776
0 0.606338 0.532904 0.025200 0.038670
0 0.622375 0.525780 0.019091 0.040706
0 0.654066 0.517639 0.020619 0.044776
0 0.654639 0.559023 0.024055 0.039349
0 0.677549 0.563433 0.021764 0.045455
0 0.670676 0.503731 0.021000 0.048168
0 0.705613 0.547151 0.023673 0.040027
0 0.724131 0.568860 0.021764 0.038670
0 0.747614 0.578697 0.022146 0.044776
0 0.771669 0.556649 0.022910 0.037313
0 0.800496 0.563094 0.025582 0.037992
0 0.828370 0.587517 0.024055 0.040706
0 0.844979 0.591927 0.021382 0.037313
0 0.864261 0.607870 0.024819 0.032564
0 0.888125 0.586160 0.025200 0.044776
0 0.910080 0.618046 0.021764 0.040706
