0 0.019458 0.617400 0.027909 0.052411
0 0.061124 0.657932 0.031053 0.052411
0 0.093553 0.627184 0.031447 0.044025
0 0.122052 0.594340 0.029481 0.045423
0 0.141116 0.618099 0.025943 0.052411
0 0.176101 0.617750 0.028302 0.040531
0 0.204992 0.596785 0.027123 0.047519
0 0.232115 0.603424 0.027909 0.041230
0 0.257075 0.585604 0.025943 0.037736
0 0.283805 0.592942 0.027516 0.044025
0 0.311124 0.588050 0.022406 0.045423
0 0.334316 0.591894 0.026336 0.040531
0 0.365369 0.592243 0.025550 0.049616
0 0.387382 0.580713 0.026336 0.043326
0 0.411753 0.562544 0.024764 0.044724
0 0.440448 0.559748 0.025550 0.043326
0 0.467178 0.585604 0.020833 0.043326
0 0.489583 0.558700 0.026336 0.041230
0 0.536950 0.581412 0.022013 0.046122
0 0.559945 0.587352 0.020833 0.048218
0 0.588247 0.580014 0.027123 0.048917
0 0.624017 0.548567 0.027123 0.043326
0 0.637775 0.538085 0.021619 0.047519
0 0.669615 0.517470 0.022406 0.045423
0 0.673742 0.559050 0.025943 0.039133
0 0.696934 0.555206 0.023585 0.046820
0 0.682783 0.496855 0.023585 0.048917
0 0.724646 0.527254 0.024764 0.038435
0 0.744104 0.542278 0.023585 0.041929
0 0.768475 0.543676 0.022799 0.046122
0 0.789308 0.510832 0.024371 0.043326
0 0.819182 0.506289 0.024371 0.042628
0 0.849843 0.525157 0.022013 0.042628
0 0.867138 0.520266 0.018868 0.042628
0 0.886792 0.527603 0.022799 0.039133
0 0.908608 0.499301 0.024764 0.039832
0 0.933962 0.522362 0.020440 0.046820
