0 0.028383 0.472202 0.027972 0.044623
0 0.059646 0.449159 0.023858 0.042429
0 0.080420 0.480614 0.023447 0.032187
0 0.101810 0.472202 0.022624 0.043160
0 0.120321 0.478420 0.023447 0.045355
0 0.151584 0.460863 0.024270 0.040966
0 0.181613 0.468910 0.023447 0.046818
0 0.202386 0.501463 0.021390 0.046086
0 0.227890 0.500000 0.023858 0.043160
0 0.249074 0.486101 0.025093 0.041697
0 0.275401 0.514631 0.025093 0.046086
0 0.298643 0.520483 0.025504 0.040234
0 0.290210 0.459400 0.022624 0.046818
0 0.305224 0.479517 0.023858 0.046086
0 0.333813 0.502195 0.020156 0.043160
0 0.351913 0.512436 0.026738 0.040234
0 0.385232 0.543160 0.026738 0.049012
0 0.412793 0.552670 0.020156 0.046086
0 0.435829 0.546452 0.022624 0.049744
0 0.476553 0.534016 0.025093 0.040966
0 0.497532 0.562180 0.020979 0.044623
0 0.526532 0.535113 0.026327 0.043160
0 0.552653 0.541697 0.023447 0.040234
0 0.576100 0.557059 0.025093 0.043160
0 0.599136 0.568764 0.025915 0.047549
0 0.626285 0.571324 0.025915 0.042429
0 0.648293 0.570227 0.021390 0.043160
0 0.675854 0.572056 0.027149 0.040966
0 0.700740 0.569861 0.023447 0.039503
0 0.723571 0.587052 0.027972 0.040234
0 0.726861 0.547549 0.027149 0.043160
0 0.750309 0.582663 0.024681 0.046086
0 0.776018 0.604609 0.027561 0.038771
0 0.811600 0.605706 0.024681 0.049744
0 0.828054 0.585589 0.024681 0.044623
0 0.855821 0.615216 0.030852 0.042429
0 0.886261 0.642648 0.029206 0.047549
0 0.921843 0.610461 0.024681 0.046086
0 0.970588 0.631675 0.029206 0.043160
