0 0.041654 0.531215 0.012434 0.025967
0 0.048492 0.542265 0.021759 0.038122
0 0.072894 0.517403 0.021449 0.039227
0 0.094343 0.542818 0.022070 0.029282
0 0.113615 0.534807 0.020827 0.035359
0 0.129158 0.539779 0.023314 0.037569
0 0.157756 0.518508 0.024557 0.034807
0 0.186820 0.522099 0.023624 0.038674
0 0.207336 0.550276 0.021138 0.043094
0 0.230183 0.547790 0.021449 0.040331
0 0.247902 0.533702 0.023935 0.035359
0 0.287380 0.501934 0.022070 0.042541
0 0.301368 0.521271 0.021449 0.039227
0 0.275256 0.556906 0.023314 0.043094
0 0.296550 0.559945 0.023003 0.038122
0 0.330121 0.537017 0.018029 0.038674
0 0.344887 0.549724 0.024557 0.038674
0 0.378303 0.572376 0.024868 0.044199
0 0.404880 0.578729 0.020205 0.042541
0 0.426173 0.571547 0.021759 0.044751
0 0.466118 0.545580 0.022070 0.039227
0 0.486323 0.569613 0.019583 0.039779
0 0.512434 0.543923 0.024557 0.038122
0 0.537302 0.545580 0.022692 0.035912
0 0.559838 0.560221 0.022381 0.035359
0 0.580821 0.569613 0.025800 0.046409
0 0.607398 0.568232 0.023624 0.035912
0 0.628070 0.564088 0.020205 0.040884
0 0.653870 0.566851 0.024557 0.037569
0 0.676407 0.558840 0.023003 0.033702
0 0.700031 0.573757 0.026111 0.038122
0 0.701274 0.537569 0.026111 0.043094
0 0.724744 0.567956 0.023935 0.044199
0 0.750233 0.582320 0.024557 0.036464
0 0.784893 0.585635 0.022381 0.046409
0 0.796083 0.559945 0.025490 0.042541
0 0.825614 0.588122 0.027355 0.040331
0 0.860118 0.615193 0.026733 0.050276
0 0.889182 0.576243 0.024557 0.046409
0 0.935188 0.590884 0.030152 0.042541
