0 0.022736 0.447757 0.009553 0.030071
0 0.036110 0.449286 0.020252 0.032110
0 0.061521 0.429409 0.022927 0.030071
0 0.082346 0.448012 0.023309 0.026504
0 0.102216 0.441896 0.020252 0.028542
0 0.119985 0.443680 0.022927 0.031091
0 0.150172 0.429409 0.025220 0.029052
0 0.179595 0.433231 0.024455 0.028542
0 0.199274 0.452345 0.021781 0.035168
0 0.223921 0.450815 0.022927 0.030071
0 0.244173 0.438583 0.025984 0.031091
0 0.270157 0.455912 0.022163 0.034149
0 0.282384 0.414118 0.022163 0.034149
0 0.298051 0.428644 0.020634 0.033639
0 0.293275 0.458206 0.024073 0.028542
0 0.325946 0.441386 0.018342 0.030581
0 0.343332 0.448777 0.025602 0.029052
0 0.375621 0.466361 0.025220 0.035678
0 0.401987 0.471203 0.022163 0.033129
0 0.424150 0.464577 0.021399 0.035168
0 0.463699 0.447757 0.023309 0.029052
0 0.483569 0.466361 0.021016 0.029562
0 0.510508 0.446228 0.024455 0.027013
0 0.536110 0.448012 0.023691 0.026504
0 0.558273 0.455912 0.023691 0.030071
0 0.579862 0.464067 0.024073 0.034149
0 0.606420 0.462283 0.023691 0.030581
0 0.626863 0.458206 0.021016 0.030581
0 0.653229 0.459480 0.024073 0.030071
0 0.676156 0.453619 0.023309 0.026504
0 0.698510 0.463812 0.025984 0.028542
0 0.699274 0.436544 0.025984 0.030071
0 0.723729 0.459480 0.025220 0.033129
0 0.748567 0.470948 0.025984 0.027523
0 0.782002 0.470693 0.023309 0.034149
0 0.823844 0.474006 0.028277 0.028542
0 0.796714 0.453364 0.023691 0.030071
0 0.854605 0.490826 0.026366 0.035678
0 0.887084 0.463812 0.024073 0.033639
0 0.932747 0.473242 0.027512 0.035168
