0 0.013590 0.484848 0.007708 0.031385
0 0.027586 0.485931 0.020284 0.032468
0 0.052535 0.466450 0.023935 0.029221
0 0.075051 0.485660 0.025152 0.025433
0 0.096146 0.476190 0.021907 0.030303
0 0.115213 0.476732 0.024341 0.032468
0 0.144422 0.460227 0.025963 0.027597
0 0.174645 0.460227 0.023935 0.029762
0 0.196349 0.481331 0.021907 0.035173
0 0.221501 0.479437 0.023529 0.030303
0 0.241988 0.464556 0.024746 0.028680
0 0.269574 0.481602 0.023124 0.032468
0 0.292495 0.482143 0.025152 0.030303
0 0.280325 0.437229 0.021907 0.036797
0 0.296755 0.450758 0.023935 0.032468
0 0.327383 0.462121 0.021907 0.032468
0 0.344219 0.468344 0.027992 0.031926
0 0.378702 0.486201 0.026369 0.036255
0 0.407505 0.489989 0.023935 0.034091
0 0.430020 0.482684 0.023529 0.033550
0 0.468560 0.463745 0.023529 0.030303
0 0.489655 0.481331 0.021095 0.031926
0 0.517444 0.458604 0.026369 0.029762
0 0.544016 0.458063 0.024341 0.028680
0 0.567951 0.466991 0.024341 0.029221
0 0.591886 0.474297 0.025963 0.035173
0 0.618256 0.470509 0.024341 0.031926
0 0.640365 0.466180 0.022312 0.030844
0 0.667140 0.465097 0.026369 0.031926
0 0.690872 0.459145 0.023529 0.027597
0 0.715213 0.468885 0.026775 0.029762
0 0.715416 0.438582 0.026369 0.033009
0 0.741379 0.460227 0.026369 0.035173
0 0.768966 0.473214 0.025558 0.031926
0 0.803043 0.470509 0.025558 0.035173
0 0.817444 0.451299 0.028398 0.033550
0 0.847059 0.471320 0.029209 0.031385
0 0.881947 0.487284 0.030020 0.041667
0 0.913185 0.457251 0.027586 0.034632
0 0.961460 0.465368 0.032454 0.037879
