0 0.028793 0.443915 0.022637 0.032804
0 0.054805 0.424074 0.023828 0.030159
0 0.076847 0.442593 0.024226 0.029101
0 0.097895 0.436243 0.020254 0.032275
0 0.116958 0.438360 0.024226 0.033333
0 0.147339 0.421429 0.026211 0.029101
0 0.177522 0.424339 0.026211 0.030688
0 0.198769 0.445767 0.022637 0.033333
0 0.224384 0.443386 0.024623 0.029630
0 0.244639 0.429101 0.025417 0.030688
0 0.272041 0.445238 0.023034 0.029101
0 0.284948 0.405026 0.024226 0.035450
0 0.300834 0.418783 0.024226 0.033333
0 0.296068 0.448413 0.024226 0.029101
0 0.329627 0.431217 0.020651 0.034921
0 0.347895 0.436508 0.027006 0.029630
0 0.382645 0.456085 0.026608 0.037037
0 0.410842 0.460053 0.021843 0.033333
0 0.432288 0.453439 0.023431 0.035979
0 0.471009 0.438095 0.023828 0.029630
0 0.491064 0.457407 0.018666 0.031217
0 0.519063 0.434656 0.025417 0.029101
0 0.545075 0.436508 0.023431 0.031746
0 0.569102 0.443386 0.023034 0.030688
0 0.592335 0.451058 0.023431 0.035450
0 0.619341 0.452116 0.025814 0.031217
0 0.640985 0.446825 0.023828 0.031217
0 0.667593 0.444444 0.027006 0.031746
0 0.690032 0.441270 0.023431 0.028571
0 0.714654 0.450794 0.027403 0.029630
0 0.715449 0.422222 0.026608 0.033862
0 0.740270 0.444709 0.026211 0.036508
0 0.767474 0.455820 0.028197 0.030159
0 0.801033 0.454497 0.025417 0.035979
0 0.815330 0.437302 0.025417 0.034392
0 0.843924 0.455556 0.033360 0.031746
0 0.876688 0.471693 0.028991 0.040741
0 0.909849 0.446296 0.027006 0.036508
0 0.956116 0.456614 0.030580 0.032804
