0 0.024075 0.483650 0.018725 0.030321
0 0.033660 0.490190 0.021846 0.032699
0 0.059741 0.469976 0.025858 0.027943
0 0.082925 0.488407 0.023183 0.025565
0 0.104547 0.481570 0.022737 0.029727
0 0.122827 0.486326 0.025412 0.032105
0 0.154258 0.469976 0.025858 0.031510
0 0.185020 0.471463 0.024967 0.032105
0 0.206643 0.493163 0.023629 0.036266
0 0.232501 0.491677 0.023629 0.032105
0 0.253901 0.480975 0.026304 0.027348
0 0.282211 0.499703 0.024075 0.035077
0 0.306063 0.502081 0.025412 0.031510
0 0.310299 0.470571 0.023183 0.032699
0 0.294695 0.453329 0.024967 0.035077
0 0.342621 0.481570 0.024521 0.033294
0 0.358671 0.494946 0.027196 0.031510
0 0.394115 0.510999 0.027642 0.036266
0 0.422202 0.515161 0.022292 0.033888
0 0.444494 0.510404 0.024075 0.035077
0 0.487071 0.482461 0.023629 0.033888
0 0.509140 0.502378 0.023183 0.033294
0 0.536558 0.483948 0.027196 0.030916
0 0.564200 0.483353 0.025412 0.029727
0 0.586937 0.497325 0.024521 0.030321
0 0.610343 0.504756 0.026750 0.036861
0 0.639545 0.499703 0.025412 0.030321
0 0.661168 0.497027 0.022292 0.032105
0 0.687249 0.498514 0.027196 0.030321
0 0.712662 0.492568 0.023629 0.029132
0 0.736514 0.504162 0.027642 0.029727
0 0.737182 0.473246 0.028087 0.034483
0 0.762818 0.499108 0.025858 0.032699
0 0.789122 0.511296 0.027642 0.030916
0 0.823451 0.513674 0.024075 0.033294
0 0.839724 0.491974 0.028087 0.032699
0 0.867588 0.515755 0.026750 0.029132
0 0.897236 0.537753 0.028087 0.039834
0 0.934686 0.505054 0.024521 0.036266
0 0.983281 0.516052 0.028979 0.033294
