0 0.087565 0.440430 0.025391 0.017578
0 0.131836 0.437744 0.022786 0.017090
0 0.161784 0.454102 0.025391 0.019531
0 0.188802 0.444824 0.024740 0.014648
0 0.214518 0.434814 0.024089 0.018066
0 0.227865 0.445801 0.023438 0.016602
0 0.255208 0.446777 0.023438 0.015625
0 0.279622 0.441895 0.021484 0.017578
0 0.301107 0.445068 0.022786 0.014160
0 0.301107 0.430176 0.022786 0.015625
0 0.321940 0.440918 0.020182 0.014648
0 0.343750 0.444336 0.023438 0.015625
0 0.365560 0.445068 0.017578 0.016113
0 0.383464 0.446533 0.020833 0.017090
0 0.408529 0.450195 0.022786 0.018555
0 0.428711 0.447021 0.018880 0.016113
0 0.447917 0.442871 0.019531 0.015625
0 0.471029 0.442627 0.022786 0.017090
0 0.493490 0.453125 0.018229 0.016602
0 0.512044 0.446045 0.020182 0.016113
0 0.548177 0.458252 0.019531 0.017090
0 0.566406 0.461182 0.019531 0.018066
0 0.589844 0.459473 0.020833 0.018555
0 0.620443 0.453369 0.022135 0.017090
0 0.634440 0.448486 0.016276 0.015137
0 0.660482 0.443604 0.017578 0.016113
0 0.673503 0.436523 0.020182 0.017578
0 0.662109 0.458740 0.020833 0.014160
0 0.682943 0.458252 0.020833 0.018066
0 0.704753 0.450684 0.021484 0.014648
0 0.722331 0.456787 0.018880 0.014160
0 0.742839 0.458740 0.019531 0.017090
0 0.761719 0.448975 0.019531 0.015137
0 0.787109 0.448730 0.022135 0.013672
0 0.811198 0.457275 0.019531 0.017090
0 0.827148 0.456055 0.014974 0.014648
0 0.842448 0.459961 0.019531 0.011719
0 0.862630 0.451904 0.020833 0.015137
0 0.885091 0.460693 0.022786 0.016113
