0 0.028956 0.528836 0.029364 0.038085
0 0.059951 0.508161 0.025285 0.031556
0 0.080546 0.530468 0.024062 0.027203
0 0.102162 0.524211 0.023246 0.029924
0 0.120922 0.525843 0.024062 0.032100
0 0.151713 0.511425 0.026917 0.029380
0 0.181485 0.513330 0.025285 0.034276
0 0.202488 0.537813 0.023246 0.036453
0 0.228181 0.534276 0.024062 0.034820
0 0.248980 0.522579 0.024878 0.032100
0 0.276509 0.539989 0.024470 0.035365
0 0.298328 0.542982 0.026509 0.032644
0 0.288948 0.501088 0.020799 0.032644
0 0.303834 0.511970 0.023654 0.030468
0 0.333401 0.528836 0.018352 0.034820
0 0.351142 0.532100 0.026917 0.029380
0 0.384380 0.554135 0.027325 0.034276
0 0.412316 0.560936 0.020392 0.034820
0 0.434135 0.553319 0.022431 0.035909
0 0.475326 0.546518 0.024878 0.029924
0 0.496737 0.565016 0.022023 0.033188
0 0.524266 0.542982 0.026509 0.029380
0 0.550163 0.546518 0.023654 0.029924
0 0.573002 0.555223 0.021207 0.034276
0 0.595432 0.560936 0.024470 0.035909
0 0.622961 0.564200 0.024878 0.031556
0 0.644576 0.562296 0.019984 0.032100
0 0.670269 0.560392 0.025693 0.032644
0 0.694331 0.558215 0.023246 0.029380
0 0.717781 0.567737 0.026101 0.032100
0 0.719005 0.540805 0.026101 0.032644
0 0.743067 0.563656 0.026917 0.034820
0 0.768352 0.575898 0.026101 0.032100
0 0.801794 0.572905 0.023654 0.034820
0 0.818923 0.560392 0.022838 0.032644
0 0.845228 0.578890 0.028140 0.031556
0 0.876427 0.593852 0.028548 0.038629
0 0.910889 0.573721 0.025693 0.035365
0 0.957586 0.583787 0.030179 0.035909
