0 0.020147 0.360195 0.027473 0.034188
0 0.044185 0.385531 0.026099 0.031136
0 0.067766 0.378816 0.023810 0.033578
0 0.088599 0.383089 0.025183 0.034799
0 0.123397 0.367216 0.027930 0.033578
0 0.155678 0.371184 0.025641 0.034188
0 0.180174 0.396520 0.024267 0.040904
0 0.208562 0.396215 0.027015 0.035409
0 0.231456 0.385836 0.028846 0.032967
0 0.278159 0.358974 0.027015 0.039072
0 0.262592 0.408425 0.025183 0.037851
0 0.287775 0.411783 0.027930 0.033578
0 0.293498 0.376068 0.025641 0.037851
0 0.327839 0.392857 0.024725 0.037241
0 0.345467 0.405372 0.028846 0.034188
0 0.383700 0.427350 0.028388 0.037851
0 0.414148 0.433455 0.024267 0.036630
0 0.439789 0.430098 0.025183 0.038462
0 0.485577 0.408120 0.026099 0.034799
0 0.508013 0.429487 0.021520 0.034799
0 0.539148 0.409646 0.027930 0.032967
0 0.569139 0.410867 0.026557 0.031746
0 0.595009 0.425519 0.026099 0.032967
0 0.619277 0.436203 0.026099 0.036020
0 0.650641 0.434676 0.027473 0.030525
0 0.674451 0.432234 0.024725 0.032967
0 0.703984 0.434982 0.029762 0.032357
0 0.730769 0.429182 0.026557 0.030525
0 0.756868 0.443223 0.030220 0.034188
0 0.759386 0.410256 0.029762 0.036630
0 0.785485 0.438034 0.028846 0.038462
0 0.813874 0.455739 0.027930 0.032357
0 0.852106 0.457265 0.025641 0.037851
0 0.871108 0.437118 0.028846 0.036630
0 0.901328 0.462149 0.033425 0.035409
0 0.933379 0.487790 0.030678 0.040293
0 0.973901 0.454212 0.029304 0.041514
