0 0.041532 0.506985 0.018548 0.036002
0 0.062903 0.509672 0.025000 0.037077
0 0.091734 0.490328 0.027016 0.032778
0 0.115121 0.513165 0.027823 0.029017
0 0.140323 0.507792 0.025806 0.036539
0 0.163710 0.508866 0.027419 0.036539
0 0.197782 0.496239 0.027823 0.032778
0 0.229032 0.499463 0.028226 0.037077
0 0.251815 0.523106 0.024597 0.037077
0 0.280645 0.522300 0.027419 0.035465
0 0.307863 0.511016 0.028629 0.034390
0 0.336694 0.531703 0.025806 0.037077
0 0.360685 0.535733 0.026210 0.032241
0 0.346573 0.487104 0.027016 0.036002
0 0.369153 0.501612 0.026210 0.036002
0 0.396774 0.519344 0.025000 0.033853
0 0.423790 0.527942 0.028226 0.033853
0 0.452218 0.548630 0.027016 0.037614
0 0.479839 0.553466 0.024194 0.037614
0 0.504839 0.548092 0.026613 0.035465
0 0.526815 0.530629 0.022984 0.031703
0 0.544556 0.551048 0.023790 0.032778
0 0.578831 0.531703 0.026210 0.029554
0 0.601815 0.536002 0.022984 0.027405
0 0.626815 0.546480 0.025403 0.030091
0 0.651613 0.553197 0.025000 0.034927
0 0.670766 0.552929 0.021371 0.031166
0 0.691129 0.551316 0.023387 0.031166
0 0.720161 0.552660 0.030645 0.029554
0 0.739315 0.548361 0.022177 0.028479
0 0.761694 0.560720 0.025000 0.031703
0 0.763508 0.530091 0.026210 0.036002
0 0.787097 0.556421 0.024194 0.031703
0 0.809879 0.569586 0.024597 0.029017
0 0.846976 0.569318 0.020565 0.033853
0 0.852823 0.552123 0.022581 0.029554
0 0.883266 0.573616 0.026210 0.029554
0 0.920161 0.591886 0.025806 0.036002
0 0.936492 0.565825 0.022984 0.033315
0 0.977621 0.577915 0.027823 0.031703
