0 0.021965 0.376027 0.010019 0.042466
0 0.038343 0.377397 0.022736 0.047945
0 0.065896 0.352740 0.025434 0.045205
0 0.088247 0.387329 0.025434 0.039041
0 0.110790 0.379452 0.021965 0.041096
0 0.131985 0.382534 0.023507 0.044521
0 0.163969 0.367808 0.026590 0.041096
0 0.194605 0.375000 0.026204 0.044521
0 0.215800 0.409247 0.023121 0.047260
0 0.242197 0.409932 0.024277 0.043151
0 0.267245 0.392466 0.025819 0.039726
0 0.293064 0.423630 0.025819 0.048630
0 0.308092 0.365753 0.025819 0.045205
0 0.326012 0.387329 0.024663 0.044521
0 0.318112 0.428425 0.026590 0.041781
0 0.354335 0.411644 0.024277 0.043836
0 0.375145 0.420890 0.027360 0.043151
0 0.406551 0.453082 0.026975 0.048630
0 0.434104 0.463356 0.021195 0.044521
0 0.458960 0.457534 0.024663 0.046575
0 0.491908 0.442466 0.025048 0.042466
0 0.510212 0.470548 0.021580 0.041096
0 0.542967 0.444863 0.026975 0.040411
0 0.567630 0.451712 0.023892 0.034932
0 0.592100 0.467123 0.024277 0.042466
0 0.616570 0.478767 0.024663 0.045205
0 0.640077 0.481507 0.024663 0.042466
0 0.663006 0.481507 0.024277 0.045205
0 0.691522 0.483904 0.029672 0.040411
0 0.714258 0.478425 0.021965 0.040411
0 0.737765 0.497260 0.027360 0.039726
0 0.740462 0.456164 0.025819 0.047945
0 0.763776 0.492466 0.024663 0.050685
0 0.789595 0.514726 0.027746 0.039041
0 0.827168 0.517808 0.024277 0.046575
0 0.838536 0.495205 0.025434 0.043836
0 0.868786 0.526027 0.026590 0.042466
0 0.902890 0.553082 0.027746 0.051370
0 0.930058 0.522945 0.025048 0.047260
0 0.975145 0.542466 0.029672 0.042466
