0 0.139958 0.637918 0.017992 0.037175
0 0.155649 0.647212 0.022594 0.036431
0 0.175105 0.614870 0.023013 0.037175
0 0.196444 0.627509 0.022176 0.029740
0 0.217155 0.610409 0.022594 0.037175
0 0.234937 0.609294 0.023013 0.033457
0 0.258996 0.578810 0.023431 0.030483
0 0.284519 0.571747 0.020921 0.032714
0 0.305858 0.585502 0.022594 0.037918
0 0.328870 0.576208 0.022594 0.032714
0 0.347699 0.558736 0.022594 0.034944
0 0.373431 0.566914 0.021339 0.039405
0 0.395188 0.560223 0.022176 0.033457
0 0.373849 0.510037 0.025523 0.043123
0 0.396444 0.528253 0.023013 0.037918
0 0.422594 0.525279 0.020921 0.040892
0 0.444351 0.539033 0.025105 0.035688
0 0.470921 0.540892 0.023013 0.042379
0 0.494979 0.533829 0.020921 0.040149
0 0.514017 0.523048 0.022176 0.040892
0 0.533891 0.465056 0.022594 0.036431
0 0.553138 0.474349 0.018410 0.040149
0 0.578033 0.450929 0.024686 0.033457
0 0.600628 0.437175 0.020502 0.034201
0 0.623640 0.444610 0.022176 0.035688
0 0.646653 0.448699 0.023849 0.040892
0 0.664854 0.426766 0.021757 0.037175
0 0.683473 0.416729 0.017992 0.036431
0 0.711715 0.414498 0.022594 0.034944
0 0.726151 0.393680 0.022176 0.034944
0 0.749163 0.398885 0.023849 0.033457
0 0.747071 0.363569 0.023013 0.031227
0 0.773013 0.386245 0.021339 0.037918
0 0.795607 0.390335 0.023013 0.035688
0 0.829079 0.384387 0.021339 0.038662
0 0.834728 0.350558 0.023431 0.037918
0 0.863389 0.368773 0.025523 0.034201
0 0.897071 0.390706 0.022594 0.043866
0 0.915481 0.330483 0.023431 0.043866
0 0.956485 0.321190 0.025105 0.035688
