0 0.007358 0.478316 0.012563 0.045918
0 0.023869 0.476403 0.023331 0.042092
0 0.053123 0.448661 0.027997 0.050383
0 0.076095 0.478316 0.026561 0.036990
0 0.100323 0.466518 0.024049 0.042730
0 0.121500 0.469388 0.028356 0.045918
0 0.154343 0.448661 0.027279 0.041454
0 0.185750 0.453444 0.024767 0.044643
0 0.208722 0.482781 0.023331 0.048469
0 0.236181 0.477997 0.025844 0.044005
0 0.261127 0.461735 0.030510 0.045918
0 0.287688 0.483737 0.025485 0.045281
0 0.298636 0.427934 0.026561 0.047194
0 0.318737 0.445153 0.022972 0.045918
0 0.313352 0.487564 0.026561 0.041454
0 0.349246 0.465561 0.023690 0.045918
0 0.373475 0.469069 0.028356 0.044005
0 0.403625 0.496492 0.028356 0.050383
0 0.432340 0.505102 0.021177 0.045918
0 0.455851 0.495217 0.023690 0.047832
0 0.482233 0.480867 0.022613 0.039541
0 0.500359 0.507653 0.019383 0.038265
0 0.534637 0.475128 0.026202 0.039541
0 0.558686 0.478635 0.022613 0.035077
0 0.583991 0.488839 0.023690 0.041454
0 0.608399 0.495536 0.024408 0.047194
0 0.628859 0.497449 0.023690 0.040816
0 0.650036 0.492666 0.020818 0.045281
0 0.679828 0.491390 0.030869 0.033801
0 0.700108 0.488839 0.021177 0.041454
0 0.725413 0.501594 0.025126 0.035077
0 0.725772 0.462691 0.022972 0.047832
0 0.751077 0.492666 0.021895 0.042730
0 0.775305 0.508929 0.026561 0.036990
0 0.813891 0.505102 0.022613 0.047194
0 0.819634 0.484694 0.025485 0.038265
0 0.850682 0.507972 0.029433 0.041454
0 0.890524 0.528380 0.027279 0.051658
0 0.907753 0.497130 0.023690 0.046556
0 0.951543 0.510523 0.027997 0.045281
