0 0.086914 0.443848 0.025391 0.017578
0 0.131185 0.440186 0.027995 0.020996
0 0.160482 0.457520 0.027995 0.021484
0 0.187826 0.447510 0.025391 0.018066
0 0.211589 0.437744 0.023438 0.017090
0 0.226562 0.447266 0.023438 0.018555
0 0.255208 0.447998 0.024740 0.017090
0 0.277669 0.443115 0.024089 0.019043
0 0.299805 0.447510 0.024089 0.015137
0 0.299805 0.431885 0.024089 0.016113
0 0.321289 0.441406 0.021484 0.014648
0 0.342448 0.445312 0.024740 0.015625
0 0.363932 0.446045 0.020833 0.016113
0 0.382487 0.446289 0.021484 0.019531
0 0.406250 0.450684 0.023438 0.017578
0 0.426107 0.446777 0.020182 0.018555
0 0.445638 0.442383 0.021484 0.018555
0 0.469727 0.442871 0.022786 0.017578
0 0.491211 0.453369 0.021484 0.017090
0 0.510417 0.445312 0.022135 0.018555
0 0.546224 0.456787 0.020833 0.018066
0 0.565104 0.459717 0.019531 0.019043
0 0.589518 0.458740 0.024089 0.020020
0 0.619141 0.451904 0.024740 0.018066
0 0.632812 0.447510 0.018229 0.018066
0 0.659831 0.442627 0.020182 0.016113
0 0.661458 0.458008 0.023438 0.014648
0 0.682943 0.456543 0.019531 0.017578
0 0.672526 0.435303 0.020833 0.019043
0 0.704753 0.448486 0.022786 0.015137
0 0.721680 0.454834 0.020182 0.016113
0 0.742513 0.457031 0.017578 0.018555
0 0.761393 0.447998 0.021484 0.016113
0 0.787435 0.447754 0.024089 0.015625
0 0.811849 0.455322 0.022135 0.016113
0 0.827799 0.453125 0.014974 0.016602
0 0.843750 0.457520 0.022135 0.014648
0 0.863607 0.448242 0.024089 0.016602
0 0.887044 0.459229 0.025391 0.018066
