0 0.125244 0.473307 0.023926 0.027344
0 0.162598 0.465495 0.020508 0.029948
0 0.186035 0.489583 0.023438 0.031250
0 0.212891 0.475260 0.022461 0.026042
0 0.237305 0.459310 0.022461 0.027995
0 0.245850 0.473958 0.019043 0.028646
0 0.273926 0.474935 0.021484 0.026693
0 0.294189 0.466146 0.020020 0.028646
0 0.313232 0.448568 0.021973 0.026042
0 0.314697 0.471680 0.020996 0.025391
0 0.333008 0.463867 0.017578 0.021484
0 0.350830 0.469076 0.021973 0.025391
0 0.371338 0.466797 0.018066 0.026042
0 0.388184 0.471354 0.019531 0.024740
0 0.409424 0.474284 0.021973 0.029297
0 0.426270 0.467448 0.018555 0.027344
0 0.444092 0.460286 0.019043 0.023438
0 0.464355 0.460286 0.020508 0.024740
0 0.484375 0.475911 0.016602 0.026042
0 0.500000 0.464193 0.019531 0.024740
0 0.531982 0.479818 0.018066 0.029948
0 0.548584 0.484375 0.017090 0.029948
0 0.570312 0.481771 0.022461 0.028646
0 0.597168 0.470052 0.021484 0.027344
0 0.609375 0.462565 0.017578 0.026693
0 0.633057 0.454102 0.018066 0.025391
0 0.635742 0.478190 0.019531 0.022786
0 0.654541 0.475911 0.018066 0.026042
0 0.643799 0.443034 0.019043 0.026693
0 0.674561 0.463542 0.020020 0.023438
0 0.689209 0.472656 0.018066 0.022135
0 0.707764 0.475260 0.017090 0.028646
0 0.723877 0.458984 0.019043 0.023438
0 0.747559 0.458008 0.021484 0.022786
0 0.834961 0.475260 0.018555 0.026042
0 0.814941 0.460612 0.019531 0.024089
0 0.797607 0.475586 0.018066 0.021484
0 0.782471 0.469401 0.017090 0.023438
0 0.769775 0.470378 0.018066 0.026693
