0 0.045247 0.423828 0.029297 0.018555
0 0.091797 0.421875 0.026042 0.019531
0 0.124023 0.438232 0.026693 0.019043
0 0.152018 0.429932 0.026693 0.016113
0 0.177409 0.420410 0.024089 0.016602
0 0.192708 0.430420 0.024740 0.018066
0 0.222656 0.431885 0.024740 0.017090
0 0.246094 0.426270 0.023438 0.018555
0 0.270182 0.430908 0.024740 0.015137
0 0.269531 0.415283 0.024740 0.017090
0 0.291667 0.426270 0.022135 0.015625
0 0.313477 0.430176 0.024089 0.016602
0 0.335938 0.430908 0.019531 0.017090
0 0.355143 0.433594 0.022786 0.016602
0 0.381510 0.436035 0.023438 0.017578
0 0.400716 0.433105 0.021484 0.018555
0 0.422526 0.428955 0.022135 0.015137
0 0.445312 0.428955 0.022135 0.017090
0 0.467448 0.440186 0.019531 0.017090
0 0.487305 0.432617 0.022786 0.017578
0 0.525716 0.443115 0.020182 0.018066
0 0.543945 0.447021 0.018880 0.018066
0 0.568359 0.446289 0.023438 0.019531
0 0.600260 0.439453 0.022135 0.015625
0 0.612956 0.435547 0.017578 0.015625
0 0.641602 0.445557 0.021484 0.015137
0 0.639974 0.429932 0.019531 0.015137
0 0.652344 0.423828 0.020833 0.017578
0 0.662109 0.445068 0.020833 0.018066
0 0.685547 0.437012 0.022135 0.014648
0 0.700521 0.444336 0.019531 0.014648
0 0.721354 0.445557 0.019531 0.017090
0 0.741211 0.436523 0.021484 0.014648
0 0.766602 0.436768 0.022786 0.015137
0 0.790039 0.445557 0.018880 0.015137
0 0.805664 0.444824 0.016276 0.015625
0 0.820964 0.448975 0.020833 0.014160
0 0.840495 0.439453 0.020833 0.016602
0 0.861979 0.449951 0.023438 0.018066
